1.2
75.52631579
0
8.253968254
2.113636364
1.587301587
1.622574956
10.79365079
2.340909091
16.86067019
1.946969697
2.991150442
4.079646018
4.593103448
4.212389381
2.407079646
38.06896552
5.044091711
2.726666667
1.174242424
150.4409171
7.830687831
1.26984127
0.365671642
0.515151515
1.955357143
8.712522046
9.770723104
4.227272727
0.848484848
12.66313933
13.91
11.35802469
0.431818182
1.621212121
2.451612903
4.14516129
12.8042328
7.054673721
1.090909091
6.631393298
16.86067019
1.235714286
1.5
29.34744268
7.575221239
15.87301587
6.235714286
15.66225166
9.4
2.466666667
2.283333333
20.81666667
28.4
38.58333333
3.169291339
39
1.942622951
1.942622951
55.42105263
75.86666667
75.86666667
63.07446809
122.1860465
21.4125
22.95714286
30.73333333
23.38624339
2.524590164
1.967213115
1.905737705
1.967213115
2.028571429
2.231707317
2.045081967
2.028571429
2.243902439
2.024489796
2.048979592
2.260162602
1.955102041
1.827868852
120.0625
173.2666667
76.75
182.7160494
163.3333333
142.408377
31.87301587
35.5799373
4.136
4.852
3.944
4.296
14.59016393
22.37012987
2.12295082
2.187755102
74.47183099
62.5
2.081300813
128.8596491
2.089430894
51.35172414
2.741176471
4.141176471
4.517647059
8.117647059
10.96470588
11.20588235
10.94117647
1.44
2.212121212
21.11764706
2.857142857
38.62433862
1.804347826
0.823529412
4.266666667
1.42
2.639344262
1.329411765
2.8
14.70899471
4.177570093
0.985074627
2.071428571
0.9375
4.555555556
1.455696203
220.2020202
1.2
68.2
2.024489796
2.240816327
31.87301587
173.2666667
76.75
7.654320988
0.423280423
0
6.243386243
20.94690265
18.26666667
3.507575758
2.174242424
4.212121212
1.446969697
1.446969697
3.607142857
3.714285714
27.85714286
1.951219512
2.045081967
58.33333333
59.16666667
130
1.769911504
4.411764706
800
42.55555556
13.84117647
27.87878788
46.28571429
55.71428571
35
42.14285714
20.96774194
47.1875
31.03448276
625
4.852
10.94117647
1.37
233.8
628.5
2.651515152
12.02821869
278.7209302
1.959016393
30.015625
3.984126984
50.47619048
10.96470588
11.20588235
11.17647059
10.94117647
8.117647059
4.411764706
13.84117647
168.1818182
44
291.3157895
3.333333333
2.103092784
2.442622951
2.144067797
1.991836735
8.117647059
28.97058824
25.81395349
49
53.05714286
48.29268293
35.8125
56.62857143
61.22857143
41.08823529
48.66176471
5.233480176
6.25
46.57894737
13.05114638
7.575221239
2.964285714
2.117647059
4.214953271
51
19.33333333
7.768456376
39.07368421
25.5
12.14285714
79.4
11.21052632
9.372093023
5.393333333
7.78
8.48
8.353333333
7.746666667
7.926666667
8.046666667
6.913333333
1.97
#DIV/0!
#DIV/0!
6.246031746
#DIV/0!
#DIV/0!
#DIV/0!
6.955102041
#DIV/0!
#DIV/0!
#DIV/0!
#DIV/0!
#DIV/0!
#DIV/0!
#DIV/0!
#DIV/0!
3795.789474
2381.904762
6821.428571
12495
2376.190476
3423.5
2067.5
8183.333333
1840.740741
3099.615385
3120.47619
8683.333333
3055
2106.666667
2791.5
2627.142857
5582
2614.5
1577.027027
2346.129032
3978.888889
2970.588235
10093.33333
1404.5
2240.454545
3296.666667
6892
2347.391304
10128
2780.434783
3146.111111
2858.75
1004.642857
4372.666667
4075.294118
5338.333333
9338.571429
8675.714286
4909.285714
8370
6394
2238
106
702
116.6
0
6.241610738
3056.25
301.1904762
57.38095238
342.8571429
0.268456376
56.86046512
225.8
2957.142857
14890
2803.333333
10408
1.812080537
106.4375
1062.075472
0
1017.54386
628.4444444
#DIV/0!
309.5714286
16.53061224
8.571428571
9.4375
0
24.66666667
13.05114638
3.863636364
0
0.666666667
0
15
9.333333333
7.368421053
14
773.8383838
11
#DIV/0!
#DIV/0!
0
#DIV/0!
#DIV/0!
27.16049383
28.21869489
35.27336861
59.0625
58.75
101.875
51.125
9.911504425
31.04056437
71.375
38.0952381
19.40035273
3.453125
3.453125
5.628318584
3.44140625
3.046875
3.375
2.6953125
25.04409171
56.75
54.9375
6.371681416
40
3.2890625
27.8659612
32.09876543
7.433628319
23.98589065
26.80776014
49.625
59.8125
2.9765625
2.94921875
31.5696649
28.92416226
2.620833333
2.416666667
20.10582011
7.96460177
3.4375
2.678571429
3.214285714
35.8125
35.8125
5.892857143
6.25
7.196319018
8.194690265
42.68077601
67.5
64.375
108.6666667
12.47787611
6.770833333
52.25
36.33156966
2.375
115.3333333
102
85.17647059
85.17647059
67.5
72.5
131.3333333
136.6666667
123.3333333
65.96119929
156.8
126.6666667
47.97178131
72.75
77.5
49.73544974
49.73544974
101
35.62610229
37.03703704
55.02645503
54.32098765
13.53982301
122.6666667
118.6666667
68.125
71.25
59.96472663
41.62257496
66.66666667
128.7333333
57.49559083
58.55379189
36.90851735
39.42307692
33.65384615
36.82692308
39.42307692
58.01282051
32.69230769
32.37179487
36.85897436
34.93589744
38.14102564
37.5
53.84615385
37.5
2891.666667
554.6666667
3128.4
3084
64.8324515
66.27865961
2296.25
520.4666667
55.09700176
56.54320988
2887.5
3325.6
106.875
24.69135802
25.04409171
28.21869489
21.86948854
1398.113208
921.25
9550
2400
3196
236.6843034
265.9611993
289.9470899
269.4885362
261.7283951
69.62962963
67.65432099
67.72486772
62.78659612
64.90299824
62.43386243
118.6666667
122
58.2010582
57.84832451
135.3333333
106.6666667
114.6666667
57.84832451
6.986899563
7.676855895
36.34615385
40.70512821
31.73076923
5.873015873
3.3828125
33.50970018
7.95959596
118.6666667
8.282828283
23.98589065
29.1005291
45.625
72.66666667
38
44.79717813
26.45502646
38.37742504
21.86206897
6.548672566
1026
69
42.22222222
35.0617284
40.91710758
43.38624339
35.27336861
53.96825397
35.27336861
53.96825397
36.36684303
60.31746032
56.08465608
47.26631393
37.00176367
24.2295082
45.22292994
658.8505747
23.60655738
677.1084337
23.54098361
661.1764706
677.1084337
45.81469649
6.364485981
572.9166667
6.698113208
41.65079365
45.49520767
582.9787234
27.64516129
600
6.436893204
5.764150943
44.09090909
6.773584906
617.0454545
662.3529412
46.07028754
6.075471698
631.4942529
566.6666667
26.8852459
28.34415584
21.96721311
42.07006369
615.7471264
41.51898734
6.364485981
22.19672131
595.7446809
22.76315789
43.82165605
602.2727273
643.8823529
43.38658147
22.35483871
43.82165605
5.764150943
629.6551724
24.5862069
35.96774194
203.9285714
7.854368932
591.4893617
23.54098361
670.5882353
36.38709677
28
51.72413793
662.0212766
23.50819672
44.9044586
655.2941176
613.9784946
26.49180328
53.72134039
22.19672131
21.01973684
44.26751592
666.6666667
20.03289474
38.78980892
600
7.103773585
644.0229885
22.75409836
169.6721311
24.26229508
44.72131148
182.5245902
22.26973684
643.8823529
43.05732484
42.07006369
21.96721311
615.7471264
24.02597403
42.64516129
596.6666667
4.394117647
24.2295082
23.53503185
20.95081967
361.2105263
81.25
50.37671233
636.3636364
24.5890411
643.6781609
4.539473684
25.13157895
22.23684211
23.71710526
23.65131579
24.2295082
23.51973684
23.58552632
25.03289474
24.30921053
4.37254902
21.94078947
23.65131579
18.41428571
21.52525253
#DIV/0!
1040.125
879.8571429
578.9473684
0
0
56.66666667
98.75
96.875
212.6666667
57.33333333
91.5
100.5442177
195.125
66.6
172.5
160.4
4.130434783
19.56521739
106.6666667
74
112.0567376
149.3333333
0
0
0
0
0
0
0
0
0
0
0
19.14893617
82.44897959
97.375
4.429530201
24.28571429
15.625
103.8666667
183
70.95238095
30.46666667
19.56521739
24.28571429
200.875
0
0
0
0
0
0
0
0
0
0
0
0
0
0
0
0
0
0
0
31.8
0
0
0
0
0
0
0
0
0
0
0
0
0
0
0
0
0
0
0
0
0
0
0
0
5.460992908
0
0
0
0
0
0
0
0
0
0
7.142857143
0
0
0
0
5
5.281690141
4.825174825
6.142857143
0
0
4.929577465
5.281690141
6.142857143
16.66666667
3.571428571
14.28571429
5
10.92857143
6.142857143
29.7260274
2.666666667
3.125
182.9375
62.5
189.3571429
39.33333333
142.2
61.53333333
0
0
0
0
0
0
0
0
0
0
0
0
0
0
0
0
0
0
0
0
0
0
0
0
0
5.071428571
0
0
1
14.14285714
0
50.71428571
1.142857143
0
6896.666667
4.214285714
9.928571429
0
94.2
40.78571429
207.5
67.07142857
4.429530201
5
5.357142857
4.928571429
6.142857143
0
5
6.142857143
0
0
0
0
0
77.76666667
71.90909091
90.38235294
128.1
2.846715328
0
#DIV/0!
0
0.152941176
10.62352941
3.847058824
0.070588235
0.070588235
0
11.08235294
3.705882353
0
0
0
1.207142857
0
0
0
20.30701754
28.3030303
0
0
7.826086957
3
0
0
0
11.63934426
0.068965517
1.659090909
1.977272727
0
8.407079646
2.333333333
0
0
0
11.03529412
3.709090909
0
0
0
0.3
0
0
0
1.85
0
0
0
0
14.23611111
14.77272727
0
0
0
16.22857143
0
0
0
10.70238095
2.779661017
0
0
0
0.980769231
0
0
0.082706767
19.25581395
5.620689655
0
0
0
0
0
0
0.2
9.178947368
3.731343284
0
0
0
1.160714286
0
0
0
54.375
38.54545455
0
0
25.28571429
0
0.129533679
17.46153846
8.368421053
0
0
0
3.806451613
0
0
0
37.72413793
12.57894737
0
0
0
0
0
0
0.105882353
0.058823529
0
0
0
0
4.56
0.593103448
0
0
0
0
0.223529412
0
0
0
0
0
7.607142857
0.075862069
0
0
0
0
0.094117647
0.047058824
0
0
1.234782609
0.524137931
0
0
0.686131387
0
8.022727273
0
0
0
0
0
0
6.723404255
0
0
0
0
0
0
0
0
0
0
0
0
0.152941176
0.070588235
0.164705882
0
0.564373898
0.670588235
0.082352941
0
0
0
1.666666667
0
0
0
0
0
0.176470588
0.058823529
0.529100529
0.082352941
0.164705882
0
0.176470588
0
0.114285714
0
0
0
0
0
0
0
0.131578947
0
0.122807018
0
0.164705882
0
0
0
35.92307692
1.088888889
3.527336861
5.423529412
0
0
7.529411765
26.5625
0
0
0
0
0
0
0
0
0
0
3.214285714
11.51724138
5.189189189
0
0
0
0
0
0
3.5
22.68333333
21.4
117.0666667
100.0666667
0.035714286
0
0
0.705467372
0
0
0.17037037
1.058823529
0
0
0
0.388007055
0
0
0.029411765
0.023529412
0.037735849
0.02247191
0.075471698
23.72340426
3.564705882
0.823529412
0.470588235
0.105882353
0.169014085
0.126315789
1.176470588
0
10.93474427
0
0
0
0
0
0
0
0
0
0
0
0
0
0
0
0
0
0
0
0
0
0
0
0
0
0
0
0
0
0
2.522727273
0
0
0
0
0
0
0
0
0
0
0
0
2.78659612
0
0
0
0
0
0
0
0
0
3.527336861
0.035273369
1.552028219
0.122641509
0
0.03875969
0.247058824
0
0.069230769
0.364705882
0.087719298
0
0
0
0.740740741
0
0.131578947
0
0.122807018
0
0.164705882
0
0.176470588
0
0
0
0
0
0
0
0
0
0
0
0
0.131578947
0
0.122807018
0.541176471
0
0.131578947
0
0.176470588
0.035294118
0
0.164705882
0
0
0.058823529
0.058823529
0.152941176
0
0
0.164705882
0
0.176470588
0
0
0.482352941
0.131578947
0
0
0
0
0
6.761904762
6
3.777777778
13.05384615
6.368821293
4.592592593
0.016666667
5.728
5.579365079
9.112903226
0.595238095
7.806451613
2.808163265
5.682539683
5.293650794
0.841509434
4.89516129
2.254166667
9.182539683
1.835294118
5.79338843
7.171102662
3.266666667
7.73015873
5.706349206
8.19047619
0.258064516
3.290322581
9.225806452
3.6
7.455284553
6.301587302
7.619047619
5.396825397
5.880952381
5.430894309
8.253968254
6.928571429
2.699186992
15.765625
4.654166667
15.41481481
10.31451613
7.555555556
5.182539683
0.653225806
6.301587302
6.721115538
4.853658537
13.24031008
2.525423729
3.41991342
7.761904762
4.114285714
6.436507937
8.699186992
483.3333333
447.2222222
450.25
489.5833333
9.444444444
9.444444444
0.653225806
867.6
0.653225806
289.4444444
86.44444444
4.237288136
1583
2.064377682
15.2578125
989.6666667
9.280701754
776.125
2.298319328
307.9047619
281.8333333
948.8059701
2.142857143
930.2857143
232
84.21621622
5.300970874
#DIV/0!
5.03968254
9.444444444
4.126984127
9.637096774
239.8235294
225.3157895
13.74603175
14.31782946
10.28378378
18.44444444
2.96
3.668
4.644
37.23404255
17.0212766
0.5
1.470833333
0
275.5
60.66666667
3.673469388
#DIV/0!
20.22222222
1.759259259
3.227091633
0.158333333
0.091324201
43.27777778
5.575510204
4.675889328
4.653061224
0.176706827
6.048387097
2.665322581
2.12244898
6.5
2.362903226
2.577689243
5
13.00806452
5.201612903
7.806451613
2.435483871
9.611111111
5.85483871
6.016129032
7.692307692
7.692307692
10.65384615
7.692307692
7.692307692
10.06153846
8.32
7.692307692
7.692307692
2.96031746
14.08
8.32
8.32
8.32
7.692307692
7.692307692
8.32
7.68
10.65384615
3.497959184
3
2.285714286
2.330612245
3
2.983870968
1.628571429
4.996062992
2.832653061
2.330612245
3
2.790322581
2.229249012
#DIV/0!
#DIV/0!
254.8125
8.952380952
5.03968254
5.85483871
2.139917695
2.379166667
4.081300813
8.610169492
8.610169492
8.610169492
8.610169492
8.610169492
8.610169492
11.11666667
8.610169492
8.333333333
8.610169492
8.610169492
11.49152542
8.610169492
8.610169492
11.49152542
8.333333333
7.806451613
5.85483871
4.862903226
5.85483871
5.108527132
6.5
6.5
10.68548387
5.201612903
7.153225806
6.928571429
12.5952381
14.48412698
6.5
3.777777778
6.5
7.555555556
4.673306773
3.896825397
17.09375
5.976190476
7.555555556
9.444444444
10.70634921
8.19047619
11.34126984
13.23015873
9.365079365
12.27419355
14.48412698
18.3125
3.832653061
3.497959184
2.832653061
3
4
2.893877551
3.330612245
3.330612245
2.226337449
3.832653061
4.163265306
3.497959184
2.330612245
1.795081967
3.12145749
3.167346939
3.12406015
2.4
3.52
4
1.467213115
1.459677419
1.724696356
0.155737705
4.995918367
4.359223301
1.557377049
1.405737705
2.832653061
1.197580645
1.201646091
3.536398467
1.915662651
3.167346939
2.036290323
3.589641434
0.302904564
2.832653061
2.526315789
4.163265306
3.167346939
3
1.933609959
3.330612245
1.967213115
1.342741935
1.56147541
2.131147541
3.665306122
0.701244813
3.814671815
4.367588933
1.926229508
4.497959184
1.340163934
3
4.995918367
3.459016393
3
3.457489879
1.450819672
1.485477178
2.029045643
0.11409396
1.663934426
2.219917012
0.104166667
0.104166667
0.124481328
0.255144033
1.826229508
1.957854406
2.140939597
1.204347826
1.665306122
2.705660377
2.330612245
4.163265306
4
2.497959184
#DIV/0!
1.497959184
2.497959184
3.167346939
2.497959184
3.330612245
3
2.21875
2.832653061
1.06557377
2.832653061
1.557377049
3.886639676
3.004032258
3
74.39506173
6.363636364
2.259016393
1.075409836
1.183606557
3.331147541
1.396721311
1.075409836
3.226229508
1.396721311
1.075409836
1.721311475
19.53125
19.53125
13.88333333
39.0625
29.3125
19.53125
19.53125
78.125
19.53125
0.544680851
0.098591549
0.463636364
1.832653061
167.4117647
3.957597173
3.356890459
2.96819788
3.71024735
3.427561837
2.296819788
2.897526502
16.01587302
10.06557377
16.01587302
11.17741935
8.533333333
294.7692308
329.4202899
255.9677419
0.42081448
#DIV/0!
3.125
2.958333333
2.333333333
2.833333333
4.650205761
14.0625
6.456692913
5.68
6.111111111
15.7037037
5.661764706
2.625
1.130136986
3.185714286
2.464
10.84126984
5.628787879
7.692307692
7.661290323
11.08264463
892.238806
911.9402985
859.1044776
#DIV/0!
26
33.33333333
0.163934426
2.649193548
3.814671815
1.189516129
2.395256917
1.856557377
195.2307692
0.5
114.4705882
329.8333333
3.634854772
6.296875
2.610169492
3.816733068
3.75
2495.384615
73.58536585
74.35802469
0.061674009
10.94736842
5.166666667
7.806451613
6.935483871
6.19047619
9.916666667
11.05645161
12.5952381
7.692307692
8
0
8.610169492
11.49152542
10.48214286
22.57495591
6.714285714
8.956521739
11.26086957
1.29
3.241758242
14.3
5.49
2.607142857
16.71428571
3.352941176
10.93474427
4.257142857
1.51
7.232142857
6.560846561
0
10.34210526
6.06122449
3.223529412
13.43915344
0.917107584
15
5.384615385
6.839285714
6.490299824
70.93333333
14.28571429
15.2
0
0.575221239
4.444444444
0.771929825
7.407407407
12.22222222
6.88172043
2.311111111
7.407407407
12.53571429
10.75837743
32.85714286
5.859649123
50.38461538
35.92307692
11.53846154
4.53
1.388235294
22.26315789
1.917647059
17.5
26.56084656
17
3.72
5.259259259
20.76923077
8.53125
57
7.307692308
19.51219512
5.535714286
1.415929204
7.346938776
79.6
1.382352941
2.847058824
2.823529412
5.946428571
13.75
16.25
9.47826087
5.144578313
6.869565217
21
8.75
3.058823529
8.269230769
13.03571429
5.925925926
18.88888889
6.177777778
13.5
12.6
13.57647059
0
19.66666667
6.071428571
0
8.214285714
2.410714286
0
10.70909091
6.543859649
15.38
2.5
6.545454545
2.605263158
2.766233766
6.419753086
2.785714286
2.077922078
2.857142857
3.03030303
0
2.454545455
2.701754386
4.285714286
8.303571429
9.642857143
8.303571429
2.5
7.625
5.357142857
5.166666667
6.964285714
3.196428571
6.160714286
23.49206349
13.21818182
0.368421053
30.60526316
22.85714286
11.25
4.678571429
16.04166667
5.541666667
9.423076923
8.019230769
82.70588235
20.17857143
2.066666667
0.0625
0.824561404
0.813953488
6.368421053
0
20.03571429
14.96428571
24.33333333
9.843137255
9.92
10.91666667
0.235294118
0.176470588
3
5.917647059
1.291891892
4.376470588
19.12121212
9.482352941
52.34567901
32
#DIV/0!
#DIV/0!
9.564705882
0.129411765
239.483871
267.6666667
315
270
316.7037037
330.5
291.2962963
261.5357143
283.5483871
295.5172414
325
309.9259259
274.1935484
300.3571429
143.4693878
261.2727273
281.3793103
268.3333333
303.4482759
143.7931034
304.3333333
318.8888889
274.516129
44.16393443
138.7758621
282.7586207
284.6071429
270.71875
270.483871
276.0666667
242.9375
299.5925926
153.4375
270.84375
281
314.9259259
131
133.7288136
315.1481481
257.7272727
627
236.7741935
299
297.3333333
327.7777778
333.7037037
269.6428571
249
269.34375
141.6949153
174.893617
292.2258065
174.9559083
415.0714286
280.6896552
308.5185185
815.3608247
5.743190661
270.4137931
7.283105023
260.5714286
269.25
183.1111111
4.672131148
721.6981132
4.19123506
665.3636364
4.55
656.5217391
5.427385892
4.55
220.7142857
83.58024691
5.128205128
248.2857143
4.987179487
178.4651163
169.0666667
7.895833333
178.8604651
173.4772727
7.4625
275.9
189
4.855967078
80
5.661157025
509.2666667
168
166.122449
641.4285714
663.3333333
47.00588235
820.6185567
5.743190661
5.948497854
5.948497854
4.713114754
4.247011952
715.5963303
4.686695279
227.2857143
5.128205128
4.83127572
5.661157025
165.1020408
161.1538462
148.3636364
260.6896552
181.55
130.15
290.6666667
289.1666667
246.9375
309.8148148
138.875
139.4464286
131.4035088
146.4117647
146.4909091
267.25
215.4857143
195.7027027
157.35
#DIV/0!
298.1481481
#DIV/0!
149.4736842
281
130.3225806
144.9056604
#DIV/0!
#DIV/0!
300.6551724
163.2653061
143.8
266.3333333
295.5555556
258.7878788
312.962963
310
251.5806452
258.7878788
254.2424242
144.3636364
133.5
136.1818182
285.3
252.0967742
276.6666667
290
215.1351351
193.1707317
173.6
154.4444444
271.9666667
288.5
261.8181818
268.5625
241.4545455
235.65625
132.9833333
317.4642857
272.4545455
371.9375
128.5873016
352.7142857
385.4761905
307.9310345
160.1886792
280.9354839
147.2727273
134.7169811
238.4545455
413.6842105
263.3333333
149.6226415
129.2115385
170.45
290.9677419
173.3023256
147.36
184.6341463
119.6
176
270.9285714
264.9285714
253.8571429
170.45
187
287.2413793
154
146.2962963
151.8181818
291
189.375
309.1724138
332.2962963
248.9333333
136.220339
266.3666667
220.5714286
178.9333333
266.1333333
264.5454545
261.1
303.2068966
148.7454545
333.7037037
275.0689655
285.9666667
314.3214286
299.2413793
299.4827586
307.2857143
288.2
3.764925373
3.440298507
301.4285714
266.5625
162.8
146
143.6363636
153.8181818
276.6666667
159.5833333
330.5909091
245.5
330.4615385
272.5
148.8461538
126.2264151
170
152.725
139.6551724
171.627907
171.1395349
120.1818182
217.5454545
4.81147541
4.372294372
220.0909091
4.555102041
4.502109705
279.25
680.1123596
306.6666667
311.8148148
261.9354839
305.3571429
143.8461538
277.6666667
130.7647059
237.8787879
146.9090909
302.4642857
309.2592593
253.40625
274.6666667
165.38
161.3461538
151.6363636
270.6666667
287.6666667
276.9666667
273.3333333
293.1034483
268.7096774
154.1818182
327.4615385
152.5102041
246.4375
272.1875
145.3571429
139.3571429
146.0714286
245.7741935
275.6333333
298.8888889
204.2647059
163.4146341
216.8787879
232.8064516
251.5151515
306.6666667
308.5185185
122.7254902
283.9666667
245.483871
274.6666667
282.7586207
250.9
311.1111111
253
283.6666667
320
296.4285714
268.7096774
138.5454545
276
260
144.5454545
280
265
303.7037037
293.9333333
144.3636364
283.1333333
257.5333333
265.4
149.2727273
267.0967742
261.9666667
178.3023256
302.1851852
292.8571429
156.6037736
276.9666667
286.0714286
142.7777778
143.1555556
168.1555556
99.24285714
94.04
103.6857143
91.48
91.4109589
142.6888889
148.9285714
139.9827586
159.8
246.4516129
156.0188679
279.3225806
119.0384615
121.7115385
119.4038462
137.4313725
262.5
291.0714286
149.2727273
147.1090909
176.5306122
225.1612903
142.6949153
7.846938776
1.983471074
11.048
11.6
7.976608187
8.476470588
8.18627451
8.254901961
155.8833333
10.31606218
76.61627907
6.007843137
7.403571429
7.115606936
5.825242718
4.556451613
19.43127962
4.828451883
4.618852459
7.109756098
7.174193548
2.62962963
2.414096916
5.057377049
5.060728745
6.517786561
8.321705426
8.313953488
10.10162602
69.65546218
13.10040161
48.18461538
8.86
10.83703704
10.37190083
5.733067729
5.686666667
3.756521739
3.4
10.15111111
88.28
6.673611111
3.12
201.125
9.0234375
10.37748344
9.790540541
8.6171875
9.892857143
7.851612903
9.543478261
8.71484375
9.234848485
12.32727273
5.098484848
9.086666667
11.06875
7.858064516
3.663934426
7.658730159
9.08984375
11.19923372
7.109677419
11.60144928
4.741935484
5.524
6.861111111
8.407114625
10.04980843
8.633204633
18.13636364
10.88181818
207
14.58483755
16.8
13.73214286
12.32142857
51.44444444
#DIV/0!
51.04081633
12.68965517
29.96875
5.641129032
7.123015873
8.841698842
10.6743295
42.86577181
10.64478764
3.5907173
5.004219409
9.455284553
6.169421488
7.625
17.60769231
3.212244898
5.240963855
6.007936508
7.494117647
8.791505792
6.786666667
7.44047619
275.2142857
3.513043478
4.634782609
4.213043478
3.260869565
3.656521739
3.952173913
3.560869565
3.75
3.698795181
6.078740157
3.210526316
4.452
16.69565217
3.939271255
3.620833333
3.724696356
232.1666667
5.837944664
18.64130435
11.98675497
4.204081633
7.67578125
5.837944664
8
8.678787879
7.114754098
3.983193277
14.09090909
11.52592593
#DIV/0!
#DIV/0!
8.144444444
83.68421053
4.396226415
2.827868852
37.46666667
2.663934426
266.6666667
15.73134328
3.479338843
2.719512195
200
8.7
2828
8.857142857
473.125
4352.941176
8.147651007
1.477541371
9.078787879
9.137755102
#DIV/0!
4.610169492
3.870588235
5.347058824
4.589595376
7
7.377622378
4.885714286
74.52380952
37.4
142.2222222
6.527777778
6.605555556
7.6
6.237837838
9.117647059
4.193548387
4.421686747
4.634538153
4.526104418
4.526104418
3.401606426
12.92366412
13.43129771
3.534136546
416.6666667
4.16194332
6.841025641
3.843373494
6.424603175
4.089068826
4.819277108
7.462068966
143.1538462
5.804
9.906779661
5.506072874
5.850202429
6.194805195
2.504098361
4.628
4.493927126
5.796812749
7.610687023
9.946564885
8.297520661
71.70689655
14.10743802
38.33125
7.631782946
9.851851852
9.592
5.590361446
10.87857143
3.200819672
5.217741935
4.939271255
6.043824701
7.206766917
9.492481203
38.72222222
13.25882353
13.26428571
6.304
11.06547619
215.9705882
134
7.951515152
3.37398374
6.305220884
5.337301587
7.952755906
8.269230769
9.06122449
5.148
20.50925926
5.068
4.329479769
21.5472973
15.575
6.921212121
4.429718876
6.011904762
6.46031746
9.007751938
10.08045977
21.49425287
6.422818792
11.88034188
67.47727273
10.60714286
36.71264368
11.32258065
13.25806452
6.81640625
5.063157895
16.63043478
48.19393939
47.98787879
47.55757576
13.91333333
9.707317073
9.125
10.464
3.721311475
3.722627737
13
19.84210526
#DIV/0!
8.282157676
18.34285714
7.484444444
5.052631579
9.263779528
4.131221719
8.235294118
10.16470588
9.456
52.08333333
8.700389105
4.902597403
839.4
6.259259259
8.729508197
8.785046729
9.286885246
8.877742947
8.596685083
9.730593607
6.220238095
11.77094972
8.301801802
9.492537313
12.63387978
4.978835979
4.556451613
4.618852459
7.807843137
5.733067729
3.724696356
5.590361446
6.304
5.148
19.43127962
4.828451883
10.72142857
11.85714286
11.5
11.27857143
3.210526316
13.4494382
312.375
11.14814815
180.8333333
#DIV/0!
15.43859649
20.96491228
7.163636364
8.181818182
#DIV/0!
#DIV/0!
16.24324324
5.948207171
6.474103586
5.227091633
5.868525896
#DIV/0!
#DIV/0!
#DIV/0!
5.273092369
4.984
5.184
41.66949153
24.12426036
205.3153153
15.15178571
4.916666667
3.244635193
4.959349593
12.89908257
12.47706422
12.48623853
12.55045872
13.96330275
4.634538153
6.25
4.556363636
4.872
6.945833333
5.837944664
5.070484581
4.325396825
5.669565217
5.309012876
6.491525424
8.528571429
3.970149254
19.49382716
5.455
35.8
37.73333333
57.71428571
58.01428571
4.245967742
4.74248927
5.114035088
0.376470588
0
0
0
0
0
0
0
0
0
0
0
0
0
0
0
0
0
0
0
0
0
0
0
0
0
0
0
0
0
0
0
0
0
0
0
0
0
0
0
0
0
0
0
0
0
0
0
0
0
0
0
0
0
0
0
0
0
0
0
0
0
0
0
0
0
0
0
0
0
0
0
0
0
0
0
0
0
0
0
0
0
0
0
0
0
0
0
0
0
0
0
0
0
0
0
2.116402116
0.18018018
0
4.691358025
0.275862069
0
0
0
0
8.712522046
4.423529412
0
0
0
0
0
0
0
0
0
0
0
4.571428571
0.823529412
1.576470588
0.035273369
1.071428571
0
0
0.371428571
0.3
1.058201058
0.176366843
5.961199295
0
0.042857143
0.035714286
0
0.694117647
0
0
0
0.317460317
0
0
0
0
0.435294118
0
0
0
0
0
0
0
0
0
1.628571429
0.357142857
0
0.35
0
0
0
0
0
0
0
0
0
0
0
0
0
0
0
0
0
0
0
0
0
0
0
0
0
0
0
0
0
0
0
0
0
0
0
0
0
0
0
0
0
0
0
0
2.433862434
0
0.25
4.133928571
1.625
6.392857143
2.962962963
2.714285714
3.339285714
0
0
16.66666667
5.274725275
14.7826087
0.105882353
0
1.023529412
0.788235294
1.411764706
1.741176471
1.588235294
3.398550725
5.423529412
4.964705882
0.564705882
0.4
0
0.744827586
1.352941176
2.058823529
1.847058824
1.705882353
1.482352941
1.235294118
0.988235294
3.633156966
0.835294118
1.447058824
4.373897707
3.317647059
1.411764706
0.505882353
0.352941176
0
4.30335097
2.352941176
1.598290598
0
0.870588235
3.597883598
4.162257496
0.2
1.128747795
1.51675485
14.85008818
9.594356261
5.008818342
4.761904762
5.008818342
3.880070547
2.328042328
2.821869489
1.164705882
1.588235294
1.811764706
2.023529412
1.811764706
1.352941176
1.670588235
1.658823529
3.448529412
5.423529412
0.705882353
0.388235294
0.2
1.223529412
0.731034483
0.988235294
0.752941176
0.8
1.128747795
0.8
0.634920635
0.752941176
1.446208113
0.823529412
0
0.247058824
0
0
0.364705882
0
0
0.211764706
0
0.192982456
0
0.018691589
0
0.364705882
0.188235294
0.035294118
0.611764706
0
0
0
0
0
0
0
0
0.389380531
0.185840708
1.230088496
0.682352941
0
1.270588235
0
0.670588235
0
0
0.964705882
0
1.047058824
0
0
0
0.633587786
0.894117647
0
0
0
0
3.192307692
13.04347826
6.363636364
14.35714286
3.113636364
80.92
134.5
8.2109375
9.958333333
9.226190476
5.464285714
2.895522388
4.566666667
2.032786885
1.016528926
7.068965517
1.066666667
82.25
11.51724138
3.978494624
3.483870968
3.443708609
1.6
2.458015267
2.22826087
#DIV/0!
12.92948718
13.90588235
10.75
12.39375
11.36470588
15.32926829
10.80555556
5.711538462
3.379032258
8.540322581
12.54807692
#DIV/0!
34.57446809
32.84042553
2.526530612
6.97
6.304
1.3625
3.103703704
3.061403509
6.231404959
4.777777778
6.288288288
5.525862069
7.029411765
11.71764706
2.902439024
4.592356688
11.39473684
3.791666667
10.73394495
#DIV/0!
7.296703297
9.205128205
3.064102564
2.907608696
5.631578947
5.826086957
7.125
3.670588235
10.17045455
33.80952381
8.273684211
5.367741935
14.69491525
16.92
3.840425532
#DIV/0!
0.306451613
6.516853933
7.346666667
8.280898876
31.54545455
8.714285714
3.731034483
3.114285714
1.047058824
1.6
4.25
2.025210084
2.286516854
#DIV/0!
7.484375
84.74226804
4.365853659
3.794520548
12.34375
5.294520548
18.47572816
4.644859813
6.629032258
7.090909091
2.083333333
5.897435897
3.806451613
2.940594059
2.666666667
45.625
10.38888889
2.36
3.416666667
3.18125
7.547169811
16.20689655
29.18333333
145
12.08
4.31
15.05555556
2.973684211
6.8
4.176470588
91.75
12.89655172
23.57303371
5.4140625
8.743902439
7.08203125
9.257142857
8.68
15.22794118
11.6969697
14.24242424
13.53333333
18.34751773
8.004405286
6.428571429
12.9862069
12.31515152
15.70625
13.97647059
10.10638298
7.368421053
9.175824176
8.826923077
13.38888889
5.283018868
11
2.814814815
6.980769231
1.62406015
16.72727273
6.095238095
7.170731707
8.818181818
6.449152542
5.748387097
13.4
2.046666667
24.30882353
888.5
5.844827586
2.52739726
4.578947368
8.056179775
39.42857143
26.54761905
11.4875
10.57471264
11.62666667
6.818181818
337.625
20.71428571
8.379310345
54.6875
4.330769231
5.212765957
4.023076923
1032.222222
35.73684211
12.7037037
7.727272727
4.592592593
4.054545455
3.669421488
#DIV/0!
2.777777778
15.8988764
6.14516129
28.75324675
#DIV/0!
4.054545455
7
4.125
7.972222222
21.27160494
26.7
8.071428571
23.97058824
13.79310345
4.657142857
3.391025641
3.740740741
3.262820513
4.5
4.942528736
8.629213483
2093.611111
9.924137931
8.339285714
3.221428571
2.335616438
2.073333333
2.6
1.555555556
4.464285714
1.183333333
7.45
5.6375
6.978947368
6.967391304
5.8375
4.833333333
1665.6
6.380952381
9.034482759
7.178947368
43.93333333
8.894736842
3.19047619
7.34
95.66666667
#DIV/0!
5.101351351
35.91764706
70.39583333
10.55
13.52631579
21.80769231
7.704081633
4.40625
5
5.6375
9.965517241
9.76875
8.548387097
6.491428571
4.074889868
4.59922179
10.1641791
17.825
22.59166667
#DIV/0!
3.325490196
15.92857143
3.64028777
7.141666667
19.57971014
4.794444444
6.98630137
3.11409396
4.962962963
2.785714286
4.684210526
#DIV/0!
3.669565217
15.50649351
12.73856209
11.34583333
2.3125
1.878787879
23.32
24.09333333
20.94666667
21.2
7.170568562
7.050167224
6.551839465
29.2195122
39.85507246
30.76470588
32.73684211
35.32786885
79.4137931
25.80769231
50.61764706
25.65384615
29.84615385
51.0862069
22.50641026
8.066666667
4.4
4.6
3.296666667
7.561111111
135.2833333
5.176190476
42.755
6.838095238
38.85
7.680952381
285.8076923
9.372262774
284.3461538
5.212244898
16.87619048
19.00666667
10.75294118
#DIV/0!
85.3
150.7619048
#DIV/0!
#DIV/0!
20.66666667
34.5443038
9.598901099
#DIV/0!
27.87640449
33.61842105
36.89230769
68.06
46.38461538
79.36
#DIV/0!
15.36601307
20.28571429
51.9375
4.468
9.939393939
2.462686567
5.974358974
4.774647887
5.603448276
2
3.302040816
9.774074074
7.88372093
3.086956522
2.931034483
3.534482759
2.333333333
54.62931034
6.157142857
4.023529412
13.98496241
11.37777778
3.014084507
67.5
122.9
95.7
19.65384615
224.3333333
5.028846154
4.31640625
6.138888889
27.34285714
6.946808511
#DIV/0!
12.1
2.083333333
1.247863248
1.588785047
2.698717949
5.052631579
3.05511811
2.105555556
1.40952381
3.692307692
2.885416667
2.953846154
1.375
2.508064516
1.494444444
3.768421053
1.596412556
3.017621145
7.442857143
7.112195122
3.587755102
8.35
5.117073171
12.75221239
4.1875
7.5
5.273170732
2.737288136
6.841584158
4.167741935
#DIV/0!
12.69791667
6.620300752
5.482352941
12.78205128
11.73529412
5.607142857
3.775510204
25.2
11.53125
15.12781955
10.355
5.402439024
8.282352941
9.094117647
12.625
13.29545455
25.44230769
26.21212121
23.92857143
2.772413793
5.395348837
2.285714286
5.528
5
2.833333333
2.610738255
1.670833333
1.445833333
2.42745098
1.502074689
1.452674897
28.65151515
3.592
#DIV/0!
2.167346939
3.440816327
4.057142857
8.393442623
3.508
2.905737705
15.46478873
4.946153846
3.243589744
3.127659574
2.788461538
12.96363636
3.027777778
2.068376068
4.475609756
3.036585366
3.568421053
2.975460123
1.529644269
2.910204082
5.680981595
14.17894737
14.38461538
1.507874016
#DIV/0!
38.61290323
17.57142857
3.794117647
2.272727273
1.737142857
9.795454545
5.177419355
#DIV/0!
#DIV/0!
18.58666667
20.20588235
7.35
#DIV/0!
7.390243902
7.171806167
3.438202247
#DIV/0!
32145
2.406015038
#DIV/0!
31.68
8.53
6.93220339
12.41791045
4.330769231
37325
10595
1.712
3.485294118
17175
5.26
8966.666667
2.96460177
2.394444444
7.405172414
4.317073171
9.179824561
12.93877551
2.967213115
#DIV/0!
#DIV/0!
3.93220339
6.788
8.366666667
4.338235294
30.59047619
12.92079208
#DIV/0!
#DIV/0!
21.33928571
91.4
21.02222222
7.974226804
126.4090909
14.29054054
12
9.473684211
168
107.527027
6.024793388
2.012658228
2.143884892
11.15833333
5.901960784
3.113636364
134.5
9.491666667
5.464285714
4.566666667
2.032786885
1.066666667
10.62068966
3.483870968
1.266666667
#DIV/0!
13.90588235
5.375
10.80555556
11.36470588
2.903225806
#DIV/0!
32.84042553
#DIV/0!
7.13
6.304
6.304
6.304
2.916666667
2.916666667
2.916666667
2.823529412
6.26446281
4.777777778
4.777777778
4.777777778
11.71764706
2.670731707
3.791666667
#DIV/0!
#DIV/0!
#DIV/0!
7.126760563
4.596491228
9.205128205
2.907608696
5.815217391
33.80952381
5.367741935
16.92
#DIV/0!
15.34285714
15.34285714
7.346666667
31.54545455
3.731034483
1.047058824
2.025210084
#DIV/0!
84.74226804
4.357723577
3.794520548
5.294520548
6.629032258
1.755555556
3.806451613
2.666666667
2.36
2.8125
4.31
2.973684211
4.176470588
23.57303371
5.4140625
7.08203125
9.257142857
11.33939394
13.53333333
11.95757576
13.82352941
7.368421053
5.283018868
2.814814815
6.095238095
8.222222222
2.123287671
7.724719101
26.54761905
6.93220339
10.57471264
8.379310345
4.330769231
4.023076923
4.323076923
4.054545455
2.777777778
6.14516129
26.7
3.391025641
9.924137931
3.221428571
2.073333333
1.555555556
1.183333333
5.6375
6.967391304
4.552380952
40
2.90952381
21.80769231
4.0375
5.26875
9.76875
7.862903226
14.8
17.825
#DIV/0!
3.325490196
12.65
4.794444444
19.57777778
6.98630137
4.046979866
52.67241379
4.962962963
50.91666667
2.451851852
12.73856209
1.878787879
34.67213115
35.32786885
79.4137931
25.80769231
50.58823529
25.65384615
12
29.84615385
51.0862069
#DIV/0!
68.06
38.7972973
38.16923077
4.6
4.4
1.759183673
3.302040816
2.373134328
4.774647887
3.086956522
2.333333333
5.7
11.37777778
6.138888889
2.083333333
1.247863248
5.052631579
2.394444444
2.105555556
2.885416667
3.666666667
2.988888889
1.331838565
4.317073171
7.112195122
3.587755102
5.117073171
4.183333333
5.273170732
2.737288136
4.167741935
12.69270833
11.73529412
3.775510204
11.53125
18.16666667
5.402439024
13.29545455
26.21212121
2.682758621
2.278571429
5
1.670833333
1.445833333
1.452674897
3.592
3.243589744
2.391025641
3.027777778
6.073170732
2.90797546
14.38461538
1.4
5.177419355
19.84558824
#DIV/0!
8.817307692
26.05479452
24.39325843
24.39325843
6.01953125
6.01953125
9.182926829
7.2734375
7.08203125
9.257142857
9.257142857
12.56363636
11.85454545
11.85454545
14.24242424
13.53333333
13.53333333
2.785714286
4.684210526
2.451851852
2.451851852
6.198113208
4.903846154
6.946808511
#DIV/0!
#DIV/0!
#DIV/0!
13.7862069
34.77419355
6.857142857
7.152380952
17175
2.941176471
2.941176471
8.004761905
161.1764706
4.942528736
6.885714286
4.657142857
3.669421488
13.21875
1.458064516
42.5
155.6666667
233.7333333
1.58041958
6.885714286
562.1666667
161.1764706
156.2
3.397849462
11.2
19.4375
17.17647059
103.2592593
21.20909091
8.390804598
229.8666667
182.5
54.93333333
3.164383562
188.8108108
3.872093023
2.201342282
9.515625
6.977777778
10.12903226
4.329545455
2.04587156
37.7761194
13.99206349
123.6428571
292.75
4.314516129
6.380952381
302.4705882
7.222222222
3.309352518
24.81481481
730.4285714
10.87346939
930
83.56521739
6.159090909
4.114864865
260.75
2.549450549
18.10769231
17.5037037
#DIV/0!
9.957142857
#DIV/0!
#DIV/0!
#DIV/0!
4.5
103.1393298
112.8747795
163.2451499
49.61875
148.5714286
43.12765957
127.3368607
135.5555556
28.9
201.46875
8.302325581
12.46610169
120.952381
171.8871252
16.28472222
90.79365079
20.34375
123.9506173
125.2557319
91.85185185
43.47826087
18.8046875
16.95555556
15.36567164
145.75
55.984375
143.7389771
189.2768959
192.7689594
15.06993007
12.87586207
15.22463768
11.2611465
168.6419753
118.1657848
8.827067669
10.04166667
23.86131387
23.15503876
106.4902998
172.3125
173.0864198
281.340388
118.659612
184.691358
31.40689655
155.8024691
272.6984127
276.64903
97.91887125
19.0375
83.42151675
61
53.12987013
156.6137566
44.33333333
280.0526316
2.308333333
1.243362832
1.545833333
14.52173913
59.96472663
62.08112875
132.627866
255.5555556
14.25806452
15.20833333
10.31343284
10.13636364
17.11450382
15.31292517
15.70895522
15.46527778
83.52733686
14.40909091
12.71559633
47.79541446
11.82727273
3.316666667
9.688888889
68.07760141
22.08943089
22.99186992
7.664
11.71794872
169.9642857
63.78571429
141.4462081
14.69798658
83.984375
141.2666667
37.03496503
150.3125
93.89770723
127.7857143
14.17592593
52.53548387
2.325
75.90828924
51.25806452
78.72972973
117.625
174.6
73.33333333
7.82
123.1393298
44.58553792
159.1887125
60.95238095
19.375
280.3883495
12.46610169
20.34375
11.9609375
18.8046875
16.95555556
15.36567164
145.75
15.22463768
11.2611465
63.78571429
23.86131387
23.37984496
189.375
9.71969697
18.50364964
15.70895522
15.46527778
47.79541446
11.82727273
22.39837398
83.984375
11.2611465
117.625
143.3333333
74.25044092
88.18342152
0
0
0
0
0
0
0
0
0
0
0
0
0
0
0
0
0
0
0
0
0
0
0
0
0
0
0
0
0
0
0
0
0
0
0.364705882
0.458823529
0
3.703703704
0
1.741176471
0.49382716
0.176470588
1.02292769
0
4.576470588
7.544117647
6.292682927
0
0
0
0
0
0
0
0
0
0
12.98059965
0
0
0
0
1.029411765
4.117647059
0.49382716
0.552941176
0
0.223529412
9.857142857
0.164705882
0.329411765
0
0
0.507042254
0.576470588
5.627906977
6.642857143
0.788235294
0
0
0
0
0
0
0
0
0
0
0
0
0
0
0
0
0
0
0
0
0
0
0
0
0
0
0
0
0
0
0
0
0
0
0
0
0
0
0
0
0
0
0
0
0
0
0
0
0
0
0
0
0
0
0
0
0
0
0
0
0
0
0
0
0
0
0
0
0
0
0
0
0
0
0
0
0
0
0
0
0
0
0
0
0
0
0
0
0
0
0
0
0
0
0
0
0
0
0
0
0
0
0
0
0
0
0
0
0
0
0
0
0.247058824
0
0
0
0
0
0
0
0
0
0
0
0.129411765
0
0
0
0
0
0
0
0
0
0
0
0
0
0
0
0
0
0
0
0
0
0
0
0
0
0
0
0
0
0
0
0
0
0
0
0
0
0
0
0
0
0
0
0
0
0
0
0
0
0
0
0
0
0
0
0
0
0
0
0
0
0
0
0
0
0
0
0
0
0
0
0
0
0
0
0
0
0
0
0
0
0
0
0
0
0
0
0
0
0
0
0
0
0
0
0
2.388235294
0
0
0
0
0
0
0
0
0
0
0
0
0
0
0
0
0
0
0
0
0
0
0
0
0
0
0
0
0
0
0
0
0
0
0
0
0
0
0
0
0
0
0
0
0
0
0
0
0
0
0
0
0
0
0
0
0
0
0
0
0
0
0
0
0
0
0
0
0
0
0
0
0
0
0
0
0
0
0
0
11.95286195
9.966442953
2.949152542
5.559322034
4.406779661
51.47540984
22.98013245
2.474576271
84.66257669
2.745833333
72.1656051
36.33440514
4.695833333
0.575
572.3529412
53.91156463
0.214583333
43.50649351
66.25386997
42.17105263
2.34375
0.520833333
46.02564103
123.8095238
99.86363636
0.497584541
0
1.5
7.29535865
0.288135593
2.623728814
284.3076923
1.84
0
0
0
0.35971223
3.908333333
192.3076923
4.823308271
46.40677966
33.80232558
3.108108108
6.25
0.175
6.645669291
578.5454545
2.258333333
6.25
19.53125
64.2
402.7586207
0.318309859
0.318309859
0
0
2.712473573
845.0909091
#DIV/0!
3.375
1.837837838
3.167346939
3.330612245
3.471544715
1.730612245
0.221374046
0.520833333
0
5.729166667
8.87755102
8.843537415
8.333333333
7.857142857
8.775510204
9.489795918
9.727891156
9.084745763
10.20338983
8.843537415
8.367346939
8.911564626
8.163265306
7.030716724
11.22033898
7.747440273
3.024291498
11.79661017
0
8.813559322
37.3442623
10.57627119
43.0420712
12.63513514
6.972789116
43.47402597
28.72131148
29.70588235
6.62116041
17.43333333
36.12903226
0
33.83116883
32.92207792
0.405405405
34.46254072
33.74592834
17.43243243
39.67741935
0
12.50847458
33.8762215
3.965116279
28.85245902
0.28
34.41558442
8.095238095
8.979591837
7.372013652
2.591966173
2.125
7.299578059
8.989795918
1.644268775
0.337837838
0.038888889
777.5
3.390625
1.216666667
1.519572954
2.083333333
4.477443609
4.809160305
0.092741935
166.9230769
4.531914894
4.309433962
#DIV/0!
36.25827815
2.753846154
5.033333333
0
0.116981132
299.0357143
33.64431487
375
378.5789474
375
3.985239852
0
5.709459459
7318
1115.625
2.296296296
0.154135338
0
5.641891892
0.083018868
7540
1.140939597
1.5625
5.483333333
4222.222222
1.43812709
5.493975904
0.337552743
4383.333333
2.508361204
569.5384615
2.384297521
4.850202429
532.8571429
4.822580645
4.502024291
0.29535865
2614
4.318936877
51.79738562
3.005970149
52.94117647
45.75163399
42.78481013
15.54054054
5.220588235
2098.888889
0
0.216292135
1.667605634
0.882352941
0
12.54125413
5.064516129
5.14516129
1.903225806
4.809716599
2.330645161
0
0
114.2045455
36.83870968
5.7
38.51612903
118.9655172
37.73462783
575.2
1.19047619
50.22364217
0
0.093283582
0.345833333
3.645833333
46.485623
4.520295203
5.101321586
#DIV/0!
542.0555556
10.87878788
#DIV/0!
136.6849315
33.72168285
#DIV/0!
543.8888889
21.69811321
44.62783172
27.19594595
444.4285714
4.026415094
339.0952381
3.860377358
119.1794872
4.222641509
414
4.226415094
39.80645161
40.70512821
37.06070288
37.69968051
94.18269231
450.4545455
4.62406015
1.013513514
8380
1.013513514
5337.5
428.4782609
8380
0.572390572
5608.571429
428.4782609
3.324324324
5337.5
1.476510067
0.675675676
0
0
17.47663551
3.705426357
122.4431818
38.90784983
380.5384615
37.31563422
3436
0
0
134.4827586
67.20257235
0.97972973
3.027027027
244.7619048
1.855967078
121.529745
39.38709677
107.4380165
36.16613419
80.42553191
0
142.1270718
39.89864865
0
0
0
41.7721519
0
0
0
0.101351351
409.173913
21.08196721
25.70491803
3.851351351
31.92810458
28.79084967
66.25386997
43.32236842
0
0
92.52873563
39.55932203
0.337837838
386.6666667
28.87195122
134.2307692
34.98381877
1.013513514
0.675675676
424.3478261
0.35971223
0
34.51612903
3.793103448
0
410.3636364
4.462406015
0
0
0
8.537414966
0.439189189
2.316455696
0.50617284
0.529411765
0.529411765
0.529411765
3.049382716
3.218106996
3.218106996
3.386831276
3.049382716
3.218106996
3.049382716
3.049382716
3.049382716
4.62601626
4.792682927
4.62601626
4.463414634
5.033333333
5.033333333
4.7
0.429166667
40.96774194
0.291666667
1013.461538
9.329113924
0.462184874
4.950819672
4.532520325
4.784688995
2.25
5.052631579
3.820833333
41.90322581
0.284552846
0.818565401
6.735294118
2.802521008
2.779166667
5.552742616
0
4.768907563
203.8
0
0
0
0
0
0
0
0
0
0
9.24137931
25
0
0
0
0
0
0
0
0
8.666666667
0
0
0
0
0
38
0
0
17.64285714
0
0
0
0
0
0
0
0
0
0
6.885714286
0
0
0
0
0
0
0
0
0
0
0
0
0
0
0
0
0
0
0
0
0
0
0
0
0
0
0
0
0
0
10.71428571
0
0
0
0
0
0
0
0
0
0
0
0
0
0
0
0
0.606741573
0
0
0
0
0
0
7.517647059
0
0
0
0
0
0
0
0
0
0
0
0
24.1622575
0
0
0
0
0
0
0
0
0
0
0
0
0
0
0
11.07058824
0
0
0
0
0
0
0
0
0
17.64705882
0.047058824
0
0
0.8
0.870588235
0
0
0
0
0
15.16666667
13.49411765
1.788235294
0
10.74117647
2.858823529
7.070588235
13
4.2
12.15294118
6.035294118
6.941176471
0.117647059
0.964705882
2.46
8.694117647
2.588235294
3.238095238
13.67058824
6.411764706
4.6
9.9
10.6
32.67741935
12.49411765
10.86419753
9.164705882
9.129411765
18.25882353
0
0
0
0
0
0
0
0
0
0
0
0
0
0
0
0
0
0
0
0
0
0
0
0
0
0
0
0
6.772486772
0
0
0
0
0
0
0
0
0
0
0
0
0
0
0
0
0
0
1.117647059
0
3.670588235
1.929411765
5.176470588
39.6
0
0
0
0
0
0
0
0
0
0
0
0
4.976470588
6.505882353
8.564705882
0
1.338582677
49.24162257
41.7989418
0
0
0
0
0
0
0
0
0
0
0
0.235294118
0
31.92893401
10.76956522
18.58445946
433.7142857
8.549407115
8.322834646
6.357142857
5.942084942
7.901185771
8.662650602
7.597560976
32.1443299
13.78488372
34.375
13.16216216
6.895833333
30.79487179
13.81920904
5.815384615
34.8423913
13.57062147
34.08196721
11.91525424
8.022900763
32.61413043
12.88135593
5.6640625
32.5
12.66101695
33.30978261
12.88135593
5.79296875
31.70108696
12.34463277
29.20673077
14.31318681
7.805343511
30.56666667
16.5147929
32.40932642
15.33333333
6.325
28.95348837
14.41899441
30.96938776
14.28248588
29.83663366
14.01675978
8.091603053
38.86
11.55882353
4.84765625
86.29126214
31.475
16.7195122
5.620833333
5.171875
35.71257485
11.88304094
35.94610778
12.14035088
5.679166667
6.8875
28.92380952
10.66494845
32.99479167
10.16666667
35.60674157
11.10638298
6.186721992
31.1039604
12.80769231
22.42777778
5.951807229
31.3877551
11.84180791
30.25120773
9.48019802
61.49285714
28.49758454
10.18888889
32.35532995
10.76530612
56.89594356
33.74603175
10.59722222
74.99118166
10.84246575
11.8707483
14.32191781
11.31944444
11.32876712
13.88811189
67.40625
69.71875
57.83333333
52.11666667
30.62439024
13.83928571
5.693277311
3.6875
39.44318182
32.36
16.21505376
4.860465116
17.56976744
31.16129032
149.2352941
7.245714286
4.602409639
38
35.74117647
32.3047619
34.80681818
29.41803279
2.58436214
89.62962963
0
30.8125
30.94444444
43.55555556
2.261904762
0.983333333
59
31.25220459
10.02459016
39.81818182
37.07185629
12.33333333
22.91758242
8.686046512
134.1333333
187.2941176
2.024691358
32.86458333
8.078947368
7.299638989
20.38571429
45.90322581
99.02777778
58.59375
55.28125
62.84782609
95.26666667
1.296703297
3.598360656
3.452380952
2.857142857
2.380952381
1.30952381
1.19047619
4.094650206
74.9375
4.094650206
5.578512397
5.844155844
6.639484979
#DIV/0!
17.75384615
14.79230769
9.025
9.725
9.725
1.64556962
3.544303797
3.291139241
2.911392405
1.538461538
1.851851852
1.851851852
1.687242798
0.716049383
1.419753086
1.444444444
3.390946502
1.58436214
2.962962963
1.703703704
3.502057613
1.353909465
1.695473251
3.897119342
1.353909465
1.695473251
3.724279835
1.353909465
1.864197531
2.37037037
0.679012346
3.218106996
10.08196721
3.218106996
3.724279835
4.234567901
6.017621145
8.652941176
4.268722467
10.72941176
10.38235294
11.07058824
10.03529412
10.03529412
10.38235294
10.03529412
44.46666667
133.3333333
133.3333333
0.936708861
0
2.141176471
2.011764706
2.541176471
1.936708861
1.924050633
0.637362637
3.910714286
1.732142857
10.76956522
13.78488372
6.895833333
13.16216216
13.81920904
13.57062147
11.91525424
8.022900763
12.88135593
12.66101695
12.88135593
13.16455696
12.34463277
5.79296875
14.31318681
16.5147929
15.33333333
12.28994083
14.41899441
6.325
14.28248588
14.01675978
11.55882353
16.7195122
8.90513834
9.003937008
5.620833333
11.88304094
12.14035088
10.67010309
9.868686869
11.10638298
12.80769231
5.596385542
11.84180791
9.48019802
10.18888889
10.46428571
10.59722222
14.56164384
11.8707483
11.31944444
13.88811189
67.40625
69.71875
106.25
13.83928571
5.693277311
4.860465116
17.56976744
89.62962963
9.135802469
39.36619718
96.26666667
2.206349206
1.508064516
48.82352941
68.15384615
46.81818182
12.33333333
8.686046512
11.95652174
9.607843137
9.25
11.30434783
6.727272727
9.647058824
9.764705882
12.57142857
4.739130435
4.456521739
6.727272727
3.777777778
5.764705882
13.87096774
7.934782609
8.152173913
14.73684211
11.45833333
5.411764706
7.083333333
11.27272727
13.22580645
9.272727273
7.818181818
18
8.117647059
12.5
11.11111111
10.90909091
14.36363636
13.52112676
89.375
10.36363636
33.15789474
89.375
15.11111111
13.28125
8.309859155
27.1641791
14.375
20.89552239
26.58823529
25.34883721
32.25352113
#DIV/0!
50.70422535
42.89473684
18
30.98591549
31.12676056
7.083333333
31.12676056
33.38028169
33.8028169
#DIV/0!
15.2238806
17.32394366
15.25
19.6875
22.36842105
5.070422535
7.807017544
6.431226766
15.2238806
12.375
35.71428571
29.55223881
35.49295775
28.87323944
33.15789474
26.56716418
28.35294118
#DIV/0!
#DIV/0!
18.21428571
21.125
6.235294118
25.37313433
4.854771784
1.647058824
0
0
0
0
0
0
0
0
0
0
0
0
0
0
0
0
0
0
0
0
0
0
0
0
0
0
0
0
0
0
0
0
0
0
0
0
0
0
0
0
0
0
0
0
0
0
0
0
0
0
0
0
0
0
0
0
0
0
0
0
0
0
0
0
0
0
0
0.07826087
0.035294118
0
0
0.113043478
0
0
0
0.191304348
0
0
0
0.113043478
0.047058824
0
0
0.208695652
0
0
0
0
0
0
0
0
0
0
0
11.65882353
0
0
0
0
11.57647059
0
0
0.082352941
0
0
0
0
0
0
0
0
0
0
0
0
0
0
0
0
0
0
0
0
0
0
0
0.035294118
0
0
0
0
0
0
0
0
0
0
0
0
0
0
0
0
0
0
0
0
0.058823529
0
0
0
0
0
1.352941176
0
0
0
0
0
0
0
0
0
0
0
0
0
0
0
0
0
0
0
0
0
0
0
0
0
0
0
0
0
0
0
0
0
0
0
0.740740741
2.270588235
0.282186949
0.152941176
2.892416226
1.164705882
2.998236332
0
6.278659612
2.976470588
4.447058824
10.26455026
4.7125
6.671641791
0
0
0
0
0
0
0
0
0
0
0
0
0
0
0
0
0
6.737213404
0
0
0
0
0
0
0
0
0
0
0
0
0
0
0
0
0
0
0
0
0
0
0
0
0
0
0
0
0
0
0
0
0
0
0
0
0
0
0
0
0
0
0
0
0
0
0
0
0
0
0
0
0
0
0
0
0
0
0
0
0
0
0
0
0
0
0
0
0
0
0
0
0
0
0
0
0
0
0
0
0
0
0
0
0
0
0
0
0
0
0
0
0
0
0
0
0
0
0
0
0
0
0
0
0
0
0
0
0
0
0
0
0
0
0
0
0
0
0
0
0
0
0
0
0
0
0
0
0
0
#DIV/0!
#DIV/0!
#DIV/0!
0
0
0
0.902654867
0
#DIV/0!
0
0.211764706
0
0
0.026548673
1.741176471
1.96460177
0
0
0
0
0
0
0
0.123893805
1.011764706
0
0
0
0
0
0
0
0
0
0
0
0
0.646017699
0
0
0
0
0
0
0.482352941
0
0
0.164705882
0.238938053
0.047058824
0.646017699
0.047058824
0.482352941
0.117647059
0.17699115
0
0
0.035294118
0.123893805
0.058823529
0.17699115
0.058823529
0.203539823
0.035294118
0
0.011764706
0.044247788
0.035294118
0
0.008849558
1.776470588
0
0
0.082352941
0
0
0
#DIV/0!
#DIV/0!
#DIV/0!
#DIV/0!
0
0.129411765
0.188235294
0.176470588
0
0
0
0
0
0
0
0
0
0
0
#DIV/0!
#DIV/0!
#DIV/0!
0
0
0
0
0.094117647
0
0
0
0
0
0
0
52.90909091
239.125
186.9488536
212.3076923
247.0833333
205
190.0176367
52.83333333
170.7231041
75.34482759
182.010582
79.86206897
96.17647059
157.319224
167.1957672
192.5925926
152.7336861
245.1499118
106.7843137
153.4391534
174.6031746
168.6067019
185.5379189
182.9982363
218.4479718
197.5308642
176.7195767
166.1728395
140.3880071
154.1446208
171.0758377
185.8906526
92.83333333
87.328125
154.4973545
167.5485009
184.1269841
184.4797178
200.7054674
145.6790123
173.5449735
152.7336861
142.8571429
149.8059965
156.2610229
153.4391534
170.3703704
187.3015873
163.9310345
196.7195767
168.6067019
170.4137931
192.2398589
189.0652557
174.9559083
133.46875
180.4585538
181.3051146
198.9417989
253.8977072
148.6956522
268.7830688
66.45502646
270.5467372
77.24867725
206.4285714
226.6578947
117.4
151.3227513
279.3650794
134.0388007
38.28985507
282.7513228
56.21052632
222.9276896
156.2610229
164.7266314
189.7707231
181.6578483
274.0740741
186.2433862
217.2839506
188.9534884
263.1393298
173.5449735
280.4232804
178.1305115
87.93442623
175
171.0758377
212.7336861
225.8553792
280.7760141
215.1675485
203.5273369
285.361552
77.2972973
38.44444444
83.88059701
282.1869489
190.5116279
77.94117647
89.94708995
125.2204586
225.3968254
270.1940035
177.0723104
243.0335097
276.1904762
256.4373898
198.5
506.6666667
463.028169
233.1569665
184.9090909
240.5643739
205.9964727
197.2222222
234.2151675
240.5643739
250.0881834
296.2962963
271.2522046
273.9329806
247.3333333
210.5820106
238.8007055
260.3174603
242.3280423
231.7460317
237.3897707
208.4656085
231.7460317
241.2698413
205.1146384
203.5273369
183.7742504
202.1164021
207.7601411
231.3932981
239.8589065
224.973545
205.643739
283.5978836
258.9065256
239.8589065
246.5608466
179.1887125
233.7213404
237.5308642
185.5151515
231.3932981
211.6402116
196.2222222
254.3209877
161.1992945
259.6119929
242
418.4507042
399.5774648
578.8732394
589.4366197
553.5211268
555.6338028
539.4366197
544.3661972
538.028169
505.1408451
509.1549296
428.1690141
566.1971831
519.7183099
496.9798658
383.125
434.5070423
411.1267606
208.0294118
409.8591549
378.8732394
248.3928571
285.361552
80.42328042
161.5520282
130.8641975
165.7848325
517.6056338
447.1830986
157.319224
131.2169312
168.6067019
161.1992945
117.65
181.0582011
179.1887125
202.4691358
209.8765432
105.8201058
169.0652557
137.5661376
155.8024691
185.7142857
163.3156966
177.4250441
169.664903
194.1446208
158.0246914
171.7813051
142.5044092
155.5555556
113.2275132
88.18342152
162.2574956
278.659612
296.64903
146.031746
186.9488536
141.8604651
188.0070547
143.5626102
179.8941799
173.1922399
204.2328042
155.9082892
170.3703704
257.4955908
133.1569665
141.6346154
129.4532628
259.6119929
101.9400353
99.82363316
102.292769
251.4991182
260.670194
250.4409171
103.7037037
119.9294533
130.8641975
111.4638448
116.0493827
123.1040564
118.1657848
140.3880071
135.8024691
32.03333333
104.4091711
131.5696649
100.5291005
106.5255732
73.3686067
150.2645503
166.4902998
137.9188713
169.3121693
116.0493827
210.2645503
184.1269841
122.8571429
93.12169312
114.9911817
183.7742504
252
270.1111111
36.51948052
206.5217391
159.0828924
185.5379189
250.4409171
185.8571429
183.4215168
141.7989418
123.4883721
164.2857143
182.5
177.0723104
113.9090909
157.319224
148.5008818
185.8906526
144.973545
154.1446208
179.5414462
182.010582
197.8835979
492.1705426
256.2257496
248.042328
157.4603175
102.875
151.6049383
116.0493827
204.2328042
602.173913
523.9130435
938
0
2050
106.4705882
1030.5
241.5873016
234.2151675
205.2910053
169.664903
166.8430335
191.5343915
200
195.7671958
101.2345679
188.3597884
213
542.9577465
38.91472868
176.25
173.8624339
188.3597884
188.3597884
188.3597884
245.1499118
196.4726631
184.4797178
174.9559083
164.7266314
175
285.7142857
275.4850088
243.0335097
235.6261023
210.5820106
539.4366197
523.5211268
503.5211268
429.5774648
457.0422535
483.0985915
157.319224
168.6067019
191.8871252
168.6067019
409.8591549
168.6067019
156.2610229
162.2574956
162.2574956
162.2574956
119.9294533
150.2645503
150.2645503
31.05633803
250.4409171
220.1058201
164.3738977
196.1199295
215.1675485
296.64903
548.6666667
147.6923077
131.5576923
138.0192308
128.8
138
138.4615385
135.3846154
137.7307692
133.8461538
136.7307692
137.8846154
139.2307692
147.4
148.8
33.27586207
62.75862069
64.14285714
55.71428571
122.0285714
280
270.9166667
278.3181818
272.64
289.3333333
249.1538462
246.8571429
238.4285714
266.9615385
272.68
266.4230769
271.3461538
361.15
278.4761905
263.68
263.68
238.21875
249.8387097
261.0714286
108.5074627
231.6129032
243.6666667
189
96.84210526
298.5
144.902439
97.25490196
272.1428571
638.4545455
1924.545455
73.546875
159.8684211
89.13461538
261
124.7352941
121.1176471
121.4090909
285
80.70175439
68.30508475
118.2325581
189.0697674
464.0625
150.6666667
#DIV/0!
#DIV/0!
105.2564103
172.8214286
126.1714286
141.90625
152.8395062
135.5283019
142.5490196
70.49295775
226.8077601
35.42857143
34
20.79555556
29.55555556
25.97524752
22.31877729
260.4137931
246.6206897
65.25714286
523.8211382
86.98181818
93.25454545
89.49206349
126.5714286
125.4871795
157.8095238
55.53488372
214.5
208.2258065
202.75
97.02325581
74.76923077
227.3
487.5
156.8214286
49.8877551
33.12389381
100.5510204
147.09375
93.39583333
62.84210526
240.6666667
210.6666667
226.6666667
214.1935484
48.05555556
244.6666667
49.16666667
215.3333333
244
157.4358974
153.8461538
169.7435897
158.974359
188.8888889
184.1666667
186.6666667
168.4615385
216.4516129
166.0714286
223
205.3333333
36.47619048
36.47619048
47.33333333
43.77777778
99.56521739
#DIV/0!
174.8857143
38.80070547
203.2142857
198.2363316
221.8694885
229.6296296
194.7857143
253.4744268
260.7142857
292.1340388
408.5714286
306.6666667
218.6948854
254.3209877
25.48802395
240.3571429
230
154.4186047
182.2857143
#DIV/0!
188.3597884
222.1428571
#DIV/0!
325.5
182.0811287
266.984127
972.25
409.6363636
801
284.6560847
279.0123457
469.0909091
0
197.2486772
181.6578483
228.4303351
180.952381
283.5626102
250.0881834
234.5679012
286.7724868
905.5555556
890
905.5555556
239.0828924
214.4973545
221.3051146
29.93333333
46.85714286
30.75342466
222.5749559
219.325
121.4489796
198.45
202.225
121.5
318.8712522
198.5537919
108.4507042
182.3142857
1329.242424
127.6895944
98
37.61176471
440.6896552
213.0511464
186.9767442
114.2682927
39.47058824
27.9047619
69.69411765
38.76315789
20.8317757
25.81395349
188.3488372
198.425
138.1190476
14.88888889
35.75757576
24.77272727
41.08108108
111.9285714
328.6772487
449.6470588
239.6119929
485.9375
289.7707231
263.1746032
135.8974359
54.34065934
345.6790123
850.4545455
153.7857143
156
108
175.9111111
99.21917808
37.79411765
125.4
162.6
213.3686067
114.9122807
150
848.5714286
13.42857143
12.97887324
13.3028169
387.05
168
33.3557047
#DIV/0!
61.02739726
19.57643312
57.55128205
130.2439024
149.175
122.7068966
163.4102564
157.8571429
374
471.1428571
112
148.3125
308.3684211
110.8979592
165.0465116
152.2727273
488.5714286
167.1957672
251.287478
157.7777778
325.6470588
127.3617021
141.5625
189.3571429
177.4250441
107.9122807
206.425
228
129.6166667
113.6842105
100.2777778
131.7291667
3223.333333
147.5365854
67.3255814
67.79069767
7.80141844
97.41176471
12.4822695
1200
106.4705882
10.51111111
1253.28125
3.606837607
0
209.3333333
1.988861386
81.16402116
88.78787879
12.78911565
21.87234043
107.7647059
90.2020202
13.83098592
15.4375
13.06122449
16.27433628
86.03773585
16.15625
102.5
15.1796875
79.71781305
93.83838384
13.87323944
252.5
12.4893617
106.25
13.51428571
16.2578125
15.28125
14.4765625
#DIV/0!
#DIV/0!
152.7948718
12.15686275
76.50793651
12.71428571
1016.666667
#DIV/0!
916.6666667
#DIV/0!
200
154.1463415
138.6842105
204
178.6578947
#DIV/0!
#DIV/0!
20.36363636
19.02678571
18.46902655
132.6153846
141.4871795
97.77777778
23.71134021
217.5757576
162.5384615
22.82238443
45.84541063
19.87301587
143.85
131.8571429
115.7090909
110
161.5675676
160.5405405
155.6590909
153.5454545
31.5
26.23376623
37.20833333
149.875
304.2857143
48.62068966
47.5862069
311.1538462
393.8095238
405.7142857
194.8853616
32.92929293
46.55172414
36.98076923
154.0425532
33.61111111
249.8235294
109.1
24.30678466
344.3
333.0952381
238.7654321
129.34
331.5
22.17507418
156.5897436
184.2307692
185.2195122
206.075
180.8
35.27027027
206.9
37.83783784
135.1355932
93.63636364
15.55905512
105.6818182
14.51968504
84.34343434
12.99319728
93
12.64285714
286.3181818
274.4090909
310.3
96.36363636
13.67346939
108
19.05511811
3269.666667
3570.714286
83.14166667
2545.142857
3030
98.74285714
20.69078947
23.6554878
22.51906158
24.51612903
21.47590361
335.2
22.6969697
133.7234043
348
22.06984127
26.55063291
146.3870968
139.0487805
278.659612
19.52941176
17.70731707
146.4032258
178.4705882
146.4193548
225.0909091
215.2121212
25.58103976
356.7
610.4
539.3333333
809.5454545
24.14141414
34.58333333
205.9964727
252.9100529
230.7142857
163.255814
252.8571429
227.1428571
19.04761905
5.643738977
218.7272727
197.7857143
192.25
178.4832451
902.2222222
890
188.0070547
887.7777778
164.021164
926.6666667
219.7530864
203.5273369
235.978836
229.2768959
252.5573192
282.1869489
255.2028219
#DIV/0!
317.6719577
295.4497354
365.9090909
210.8108108
258.25
#DIV/0!
230.0529101
197.5308642
240.2116402
37.29411765
106.4705882
370
370
89.8989899
100.4545455
106.2352941
102.5
105
322
22.0952381
926.6666667
190.8289242
198.2363316
973.75
520
186.5961199
186.5961199
186.5961199
279.3650794
279.3650794
279.3650794
905.5555556
890
890
905.5555556
164.021164
29.93333333
30.75342466
239.1534392
282.5396825
59.63636364
220.1058201
1950.285714
951.6666667
828.5
175.7380952
44.86567164
9117
27.51190476
9.345454545
40.63513514
37.20588235
38.27941176
44.86764706
38.32352941
41.75
31.32352941
30.51470588
31.76811594
35.59722222
31.91176471
57.36708861
66.796875
33.30769231
29.27272727
14.9375
43.64705882
44.38235294
35.45070423
114.1071429
179.3571429
38.32758621
46.20689655
215.7671958
184.9029982
161.9047619
211.5343915
752.7906977
681.7123288
2169.565217
16954
132.2142857
84.225
1106.811594
114.0833333
203.7096774
40.57142857
182.35
10000
199.9318182
#DIV/0!
#DIV/0!
#DIV/0!
#DIV/0!
336.05
33.80829016
7.597560976
68.8671875
39.93478261
38.86
17.97452229
42.05882353
45.70121951
11.86904762
58.825
54.19285714
10.20879121
44.73493976
112.6842105
65.68376068
67.18421053
65.67460317
67.18421053
63.02459016
50.60509554
57.60655738
43.19411765
54.19565217
71.3046875
44.75722543
14.78980892
8.642424242
36.425
13.60344828
70.44680851
5.223744292
37.74117647
41.21621622
12.66336634
42.48076923
40.08947368
12.05641026
163.9166667
43.21621622
17.82911392
43.72432432
16.48734177
86.65263158
16.21818182
40.68717949
15.37096774
39.575
15.44623656
44.15135135
12.12068966
25.66666667
42.11016949
50.71518987
44.88757396
53.6171875
73.95098039
75.17647059
43.61077844
37.546875
58.34868421
37.56770833
56.26153846
35.43229167
37.07291667
44.19047619
39.53125
44.85714286
37.046875
111.2241379
45.04347826
59.975
61.048
59.376
52.94160584
56.95620438
60.48648649
39.37962963
46.8125
13.01219512
48.40506329
75.48571429
19.93571429
42.7578125
19.4765625
43.53125
43.92982456
41.29824561
44.07017544
89.14285714
19.85820896
187.5526316
15.725
185.0526316
15.15625
260
130.9122807
18.80701754
130
15.64772727
115.3333333
82.05494505
24.88709677
80.62637363
25.7008547
131.245614
18.67857143
52.94160584
50.35135135
48.33333333
63.17307692
140.6666667
13.64204545
80.32967033
27.1637931
11.51351351
37.94623656
16.04651163
40.33908046
13.62886598
37.89119171
7.880952381
15.725
44.73493976
1070.869565
65.68376068
67.18421053
63.02459016
24.66935484
50.60509554
57.60655738
43.19411765
54.19565217
8.9125
17.82911392
61.048
187.5526316
15.725
82.05494505
24.88709677
50.60509554
43.21621622
17.82911392
43.72432432
16.48734177
40.68717949
15.37096774
39.575
14.01463415
43.61077844
61.048
15.725
24.66935484
50.60509554
22.05714286
17.82911392
61.048
115.1754386
#DIV/0!
#DIV/0!
#DIV/0!
#DIV/0!
#DIV/0!
#DIV/0!
#DIV/0!
#DIV/0!
#DIV/0!
#DIV/0!
#DIV/0!
#DIV/0!
63.12605042
63.33884298
#DIV/0!
47.73291925
20.21290323
26.61206897
80.54945055
19.05325444
18.74096386
33.67768595
26.9858156
17.25
12.70666667
8.994505495
12.99382716
9.709459459
16.85517241
23.91975309
27.01801802
23.15151515
17.67716535
16.2421875
12.24516129
9.298245614
2.166666667
23.40740741
17.1984127
10.56969697
19.77777778
63.4
525.0909091
21.96666667
20.52258065
19.09493671
19.07189542
71.76923077
15.17050691
16.88108108
8.099585062
9.697095436
43.6375
9.635135135
28.76811594
6.015151515
30.8021978
20.04724409
21.71304348
13.95973154
12.77108434
11.59354839
10.21929825
13.22527473
8.952606635
7.214592275
5.122047244
5.957364341
6.489959839
11.17112299
12.13181818
19.69402985
40.38461538
30.48453608
22.55454545
20.08333333
8.381395349
16.90510949
8.417431193
7.884955752
4.262548263
18.7755102
24.07894737
18.21714286
14.90604027
10.42346939
10.70526316
6.729957806
7.795811518
182.7727273
37.24786325
58.36619718
6.053719008
14.24210526
76.73387097
77.85454545
20.78
554.7272727
17.48387097
17.53205128
22.51538462
22.70866142
29.65934066
9.885964912
9.885964912
9.835748792
4.929782082
10.78282828
12.18478261
12.45108696
12.44497608
12.44497608
10.69154229
10.69154229
18.01351351
18.01351351
12.94736842
12.18478261
12.45108696
10.70526316
10.78282828
10.42346939
6.729957806
35.82716049
23.67625899
17.58041958
16.92941176
31.87368421
15.55208333
18.02631579
19.69402985
23.3697479
12.96491228
10.02512563
9.168949772
59.97183099
7.71559633
6.016949153
24.31623932
19.35658915
3.777419355
9.369565217
8.391111111
21.04411765
55.95774648
20.90265487
52.2972973
27.03030303
17.82706767
6.374570447
5.284810127
3.673796791
3.388471178
56.91666667
12.13181818
13.1758794
28.76811594
19.83333333
20.09183673
13.55905512
16.88108108
9.697095436
8.27016129
8.193548387
43.6375
9.635135135
2.833020638
32.52083333
29.93
41.50724638
32.86458333
31.76041667
20.17322835
30.77777778
28.37288136
40.25714286
28.19469027
25.92682927
17.03311258
27.98290598
24.42276423
17.44444444
30.18390805
35.39325843
34.45555556
20.08695652
29.50980392
27.91346154
47.60416667
31.82857143
29.33035714
43.3164557
29.19090909
28.13274336
21.14634146
31.14953271
28.84347826
41.05263158
28.81081081
26.98305085
18.66176471
11.07537688
23.14814815
15.05172414
23.578125
131.8928571
8.11627907
103.8571429
4.209302326
140.6428571
67
53.88679245
25.68456376
56.64935065
15.87272727
23.14814815
11.07537688
29.28888889
15.78089888
18.32967033
16.7877095
231.8571429
7.706896552
7.581602374
21.0733945
6.505576208
340.6190476
12.12258065
5.153571429
24.98387097
11.61016949
52.44680851
29.91071429
10.505
21.35114504
22.42753623
17.1984127
21.32173913
10.47272727
15.67605634
23.24786325
11.82822086
7.019047619
19.55729167
20.85067873
1.193442623
1.905956113
1.883408072
4.942528736
13.90604027
12.44366197
25.06451613
9.298245614
17.55725191
22.53636364
196.2380952
524.4642857
213.52
3.673796791
7.016194332
11.06829268
11.59354839
5.153571429
8.246511628
9.909547739
3.554929577
9.831050228
57.5
11.14
11.06956522
8.910313901
8.901574803
10.84653465
10.3875
10.33789954
9.051181102
7.706896552
7.581602374
68.25
11.76666667
35.75925926
34.94339623
88.87755102
13.97321429
29.06382979
330.9375
#DIV/0!
0
0.275
0.011627907
4.512820513
#DIV/0!
0.178571429
0
0
6.75
2.962264151
7.186666667
6.266666667
16.55
3.995283019
9.827160494
6.776315789
17.14705882
0
0.090909091
#DIV/0!
1.024096386
18.125
5.067010309
12.94736842
8.115942029
23.71929825
7.414179104
8.343173432
10.6442953
0
0
0.285714286
5.756756757
#DIV/0!
2.97044335
10.12
6.382352941
19.29310345
18.20731707
17.36612022
16.44099379
16.45810056
15.04830918
19.77241379
12.30396476
18.09677419
23.90551181
30.68181818
26.39655172
36.70886076
19.83333333
20.09183673
13.35555556
7.295652174
40.825
32.08860759
32.43589744
27.92982456
24.1627907
31.19565217
24.69747899
23.648
21.12068966
21.7699115
22.74336283
25.83333333
41.73913043
10.75925926
10.51369863
20.92063492
47.89010989
8.246511628
25.64102564
25.64102564
19.93288591
18.55345912
23.0625
24.01315789
17.45864662
14.98373984
21.0733945
103.4418605
4.337175793
23.15151515
17.45864662
14.98373984
103.4418605
11.17112299
14.90604027
24.08461538
22.64516129
24.5984252
22.82258065
24.2406015
23.70542636
14.53488372
25.97727273
20.44776119
28
16.6
12.81690141
23.15789474
28.50746269
11.37254902
4.721311475
5.385159011
6.687732342
5.03968254
4.458438287
8.22761194
23.93700787
24.05511811
5.636363636
5.061068702
58.02469136
29.86407767
19.44094488
5.41322314
4.005102041
6.360927152
3.927966102
6.151111111
2.541666667
4.654471545
5.642857143
4.368932039
10.73880597
22.18705036
26.36434109
6.55399061
33.57758621
6.409266409
6.297619048
5.511904762
5.511904762
4.880952381
5.511904762
5.984126984
5.03968254
5.03968254
5.03968254
37.36470588
19.84
41.67961165
45.26595745
48.65957447
43.10588235
48.77777778
41
1.352348993
3.935222672
34.70588235
35.675
46.72058824
6.246696035
4.238961039
6.605882353
100.1714286
12.08585859
23.97637795
25.60629921
25.21875
6.830985915
5.655339806
4.459016393
12.61313869
12.944
7.526104418
34.56410256
18.49425287
19.80487805
10.88679245
12.48780488
70.76190476
6.360424028
6.542750929
5.843137255
5.204460967
3.886925795
4.593639576
4.734982332
7.4204947
4.593639576
50.71428571
5.799256506
5.427509294
5.836431227
6.148409894
6.941176471
5.6133829
6.713780919
6.24535316
5.300353357
135.3571429
10.10300429
0
0
0
0
0
0
0
0
0
0
0
0
0
0
0
0
0
0
0
0
0
0
0
0
0
0
0
0
0
0
0
0
0
0
0
0
0
0
0
0
0
0
0
0
0
0.341176471
0
0.058823529
0
0
0
0
0
0
0
0
0
0
0
0
0
0
0
0
0
0
0
0
0
0
0
0
0.188235294
0.247058824
0.141176471
0
0
0
0
0
0
0
0
0
0.247058824
0.470588235
0
0.423529412
0.623529412
0.105882353
0.082352941
0
0
0
0
0
0
0
0
0
0
0
0
0
0
0
0
0
0
0
0
0
0
0
0
0
0
0
0
0
0
0
0
0
0
0
0
0
0
0
0
0
0
0
0
0
0
0
0
0
0
0
0
0
0
0
0
0
0.223529412
0
0.2
0
0.270588235
0
0
0
0
0
0
0
0.541176471
0
0.752941176
0
0.235294118
0
0
0
0
0
0
0
0
0
0
0
0
0
0
0
0
0
0
0
0
0
0
0
0
0.729411765
0
0
0
0.411764706
0.411764706
0.423529412
0
0
0
0.141176471
0.235294118
0
0
0
0
0.917647059
1.058823529
0.705882353
0
0
0.858823529
1.258823529
0.258823529
0
0
0
0.222222222
0.266666667
0.148148148
0.964705882
1.035294118
0.870588235
0
0.270588235
0
0
0
0
0
0
0
0
0.047058824
0.211764706
0
1.8
2.129411765
1.294117647
1.776470588
2.058823529
1.352941176
0.125925926
0.369565217
0
0
0
0
0.941176471
1.294117647
0.470588235
0
0
0
0.444444444
0.444444444
0.296296296
1.176470588
1.294117647
1.058823529
0.352941176
0.705882353
0
0
0
0
1.375661376
3.738977072
0
0
3.464285714
0
0.00877193
0
0
0.096491228
0
0
0
0
0.5
0.175438596
0.114035088
0
0.403508772
0.00877193
0.096491228
0.00877193
0
0.149122807
0.192982456
0
0.368421053
0.50877193
0
0
0
0
0
0
0
0
0
0
0
0
0
0
0
0
0
0
0
0
0
0
0
0
0
0
0
0
0
0
0
0
0
0
0
0
0
0
0
0
0
0
0
0
0
0
0
0
0
0
0
0
0
0
0
0.070588235
0
0
0
0
0
0
0
0
0
0
0
0
0
0
0
0
0
0
0
0
0
0
#DIV/0!
0
0
1.210526316
0
1.194690265
0
0
0
0
0
0
0
0
0.088495575
3.988235294
0.008849558
0
0
0
4.447058824
3.185840708
0
0.203539823
0
0
0.105882353
0
0
0
0.654867257
0
0
0
0
0.317647059
0
0
4.329411765
0
0
0
0
0
0
0
0
0
0
0
0.035294118
1.149122807
0
1.168141593
0
0
0
0
0.082352941
0
0
0
0
0
0.023529412
0.530973451
0.317647059
0
0
0
0.070588235
0
0
0
0
0
0
0
0.043859649
0
0
0.070175439
0
0
0.052631579
0
0.043859649
0.035087719
0
0
11.60294118
0
1.421875
4.517647059
0
0
0
0
0
0
0
0
0
0
0
0
0
0
0
#DIV/0!
0
0
0
0
0
0
0
0
0
0
0
0
0
0
0
0
0
0
0
0
0
0
0
0
#DIV/0!
0
0
0
0
0
0
0
0
0
0
0
0
0
0
0
0
0
0
0
0
0
0
0
0
0
0
0
0
0
0
0
0
0
0
0
0
0
0
0
0
0
0
0
0
0
0
0
0
0
0
0
0
0
0
0
0
0
0
0
0
0
0
0
0
0
2.341176471
0
0
0
0
0
0
0
0
0
0
0
0
0.141176471
0
0
268.2186949
253.968254
324.5217391
85.89090909
104.1272727
95.4
231.0357143
98.72727273
304.2083333
234.9090909
200.4232804
237.2486772
698.2278481
63.125
91.45454545
102.3970588
263.0454545
109.4727273
109.3541667
231.005291
228.2186949
49.67832168
187.4779541
724.8101266
225.1851852
237.6719577
204.4797178
90
81.30769231
152.1714286
126.7659574
289.1666667
331.35
240.7760141
171.8
125.7833333
213.1569665
156.95
434.5
174.45
234.0740741
208.5
244.1975309
96.23529412
329.875
174.6857143
212.2571429
206.4857143
209.5483871
905.5555556
250.25
154.8421053
230.4761905
191.2142857
#DIV/0!
#DIV/0!
#DIV/0!
#DIV/0!
#DIV/0!
#DIV/0!
1.780082988
1.86695279
2.35426009
2.832653061
3
3.330612245
10.07936508
7.555555556
6.928571429
2.167346939
3.167346939
3.832653061
1.739837398
0.859016393
3.009836066
29.3125
19.53125
29.3125
29.3125
15.11904762
7.692307692
6.153225806
177.375
3.25984252
1.094412331
1.567346939
2.036734694
183.6666667
21.2
64.82352941
44.33333333
109.2
47.03333333
37.13333333
33.28125
39.06666667
256
249.6875
210.6666667
173.2352941
122.3333333
4.283333333
8.637931034
3.817307692
8.696428571
230.65
44.13888889
179.4642857
8.689655172
44.13888889
97.82608696
27.6
29.13333333
38
38
41.33333333
41.04761905
68.68421053
65.78947368
59.57142857
55.71428571
53.80434783
59.71428571
63.42857143
96.44444444
56.85714286
52.85714286
233.5483871
62.28571429
63
230.9677419
53.71428571
59.14285714
61.85714286
59.42857143
80.90909091
68
233.4482759
220
216
200.8333333
275
221.0344828
208.8
280
210.3125
206.0606061
224.0625
246.6666667
212.8666667
223.3333333
223.3333333
188.25
225.8064516
247.3333333
259.6551724
218.4375
215.9375
152.5641026
157.1794872
153.3333333
196.875
199.3548387
205
200
200
210.6451613
209
190
209.6774194
244.8214286
217.4193548
473.5714286
442.6666667
449.3333333
470.7142857
472.8571429
456.875
227.5862069
224.137931
239.2857143
262.6923077
194.4444444
193.1428571
248.8461538
251.9230769
251.5384615
219.2857143
246.6666667
222.3333333
192
207.0967742
913.75
272.962963
237.2413793
226.1290323
221.9354839
171.75
214.1935484
221.2903226
235.5172414
221.2903226
195.483871
208.3333333
256.5384615
197.3333333
206.8965517
199.7297297
285.2
297.2
302.4
302.4
250.3571429
236.0606061
254.8275862
239.6551724
154.3589744
322.3809524
329.047619
370
339.047619
339.5238095
361
310
366
353.8095238
357.1428571
344.7619048
351.9047619
327.6190476
197.6666667
190.9677419
199.6666667
190.3225806
209.6428571
216.4516129
206.875
186.8421053
183.9473684
406.25
402.5
423.125
391.25
413.125
418.75
408.6666667
420
428.6666667
373.75
514
502.8571429
511.4285714
488.5714286
477.1428571
395
485.3333333
228.6206897
221.875
241
236.1290323
251.9354839
730.8333333
730.8333333
223.3333333
221.6666667
219
211.6666667
219
255.7575758
141
141.8
138.8
135.6
146
138.6
141.2
141.2
139.0384615
140.4
148.6
144.6
143.6
144.2
145.4166667
144.5833333
141.6
145.8333333
146.0416667
343.4782609
343.0434783
791
245.6666667
251.3333333
247.6666667
249.3333333
251.3333333
246
141.6
140.4
235.5172414
225.3333333
235.5172414
203.4375
184.2105263
186.8421053
234.8275862
235.5172414
228.6206897
221.875
235.5172414
179.6774194
206.25
234.8387097
172.8947368
183.9473684
244.6428571
245.3333333
230.9375
250.3448276
254.137931
244.0625
215.1515152
237.5
225.862069
239.6551724
183.125
211
244.2307692
197.4193548
192.4137931
179.0625
243.9285714
250
238.6666667
358.5714286
231.25
250
243
208.6666667
210.3333333
191.3333333
192
197.5
201.6666667
202.6666667
244
254.8
204
208
194
213.6666667
206.6666667
206.3333333
240
310.952381
319.047619
226.3333333
222.3333333
219
528.5714286
151.2820513
154.3589744
160.5128205
36
64
212.6470588
217.0588235
254.3333333
233.4482759
151.2820513
350
200.6451613
600
263.7037037
181.3157895
247.6666667
245.862069
254.8275862
244.1935484
246.3333333
233.4482759
198.75
208.125
235.3571429
191.3333333
223.3333333
507.3333333
507.3333333
500.6666667
107.2790698
57.40506329
43.59433962
56.90816327
221.0344828
211.6
226.0967742
482.8571429
222.0322581
212.09375
111.9268293
256.9259259
275.1851852
171.0555556
224.0294118
146.3684211
174.2068966
222.7428571
184.8064516
70.22857143
54.59047619
68.17647059
56.03333333
455.8
170.0555556
643.9830508
227.5517241
92.76470588
80.23214286
176.3611111
158.5
89.15789474
96.89473684
102.2916667
126.7906977
88.01754386
108.1395349
58.60493827
182.1707317
195.0263158
218.2580645
126.9534884
520.0714286
186.8235294
102.0322581
287.5454545
1262.884615
172.7954545
273.1304348
247.9666667
169.5681818
155.3823529
130.8
182.6785714
196.36
153.0555556
64.70512821
58.31884058
100.6590909
719.0654206
1086.885246
95.66666667
84
178.6
258.48
127.7
251.9285714
162.8333333
58.31884058
1722.564103
172.7954545
171.8666667
247.9666667
273.1304348
868.7837838
1273.076923
1267.924528
1265.576923
1220.754717
1276.666667
155.3823529
163.3636364
64.70512821
#DIV/0!
153.0555556
182.6785714
196.36
100.6590909
84
86.25531915
804.4047619
84.70588235
188.9285714
186.0714286
106.5116279
139.9069767
117.9069767
#DIV/0!
116.9767442
140.625
146.5625
94.1509434
139.6875
111.5555556
80
151.25
107.2093023
73.47826087
98.03921569
110.9302326
108.1395349
152.8747795
261.3756614
1.695473251
1.695473251
1.864197531
1.695473251
1.864197531
1.695473251
1.864197531
1.864197531
1.695473251
1.695473251
11.1
22.23333333
1.185185185
1.864197531
2.218106996
924.8
22.48
12.05031447
26.14615385
69.76470588
30.02352941
36.14117647
27.57647059
29.42352941
21.15294118
26.14117647
28.6
27
2.611940299
19.32
13.41176471
3.022304833
5.80349345
124.6229508
8.91902834
112.2205882
10.78571429
186.64
12.22222222
80.07142857
79.66666667
58.13821138
59.18032787
52.31914894
131.0175439
63.4
9.15862069
52.58585859
21.48818898
115.9836066
60.05128205
109.2142857
9.11814346
10.69924812
11.48484848
8.174273859
5.985915493
129.6140351
26
17.11811024
25.11023622
16.27559055
133.5789474
5.469798658
10.76190476
17.11904762
10.875
9.666666667
16.4609375
593.75
655.1724138
45.92356688
45.66878981
541.6666667
606.3829787
607.4468085
598.9361702
595.7446809
543.75
591.4893617
542.5531915
23.71710526
23.96666667
24.2295082
655.1724138
#DIV/0!
#DIV/0!
#DIV/0!
#DIV/0!
#DIV/0!
#DIV/0!
#DIV/0!
0
#DIV/0!
#DIV/0!
#DIV/0!
#DIV/0!
#DIV/0!
6.267515924
#DIV/0!
#DIV/0!
#DIV/0!
#DIV/0!
#DIV/0!
#DIV/0!
#DIV/0!
#DIV/0!
#DIV/0!
#DIV/0!
#DIV/0!
#DIV/0!
#DIV/0!
#DIV/0!
#DIV/0!
#DIV/0!
#DIV/0!
#DIV/0!
#DIV/0!
#DIV/0!
#DIV/0!
#DIV/0!
#DIV/0!
#DIV/0!
#DIV/0!
#DIV/0!
#DIV/0!
#DIV/0!
#DIV/0!
#DIV/0!
#DIV/0!
#DIV/0!
#DIV/0!
#DIV/0!
#DIV/0!
#DIV/0!
#DIV/0!
#DIV/0!
#DIV/0!
#DIV/0!
#DIV/0!
#DIV/0!
#DIV/0!
#DIV/0!
#DIV/0!
#DIV/0!
#DIV/0!
#DIV/0!
#DIV/0!
#DIV/0!
#DIV/0!
#DIV/0!
#DIV/0!
#DIV/0!
#DIV/0!
#DIV/0!
#DIV/0!
#DIV/0!
#DIV/0!
#DIV/0!
#DIV/0!
#DIV/0!
#DIV/0!
#DIV/0!
#DIV/0!
#DIV/0!
#DIV/0!
#DIV/0!
#DIV/0!
#DIV/0!
#DIV/0!
11.35802469
139.2239859
0.282186949
31.75
25.35025381
2.607142857
2.282238443
2.399339934
9.741935484
#DIV/0!
#DIV/0!
#DIV/0!
#DIV/0!
#DIV/0!
#DIV/0!
#DIV/0!
#DIV/0!
#DIV/0!
#DIV/0!
#DIV/0!
#DIV/0!
#DIV/0!
#DIV/0!
#DIV/0!
#DIV/0!
#DIV/0!
#DIV/0!
#DIV/0!
#DIV/0!
#DIV/0!
#DIV/0!
#DIV/0!
#DIV/0!
#DIV/0!
#DIV/0!
#DIV/0!
#DIV/0!
#DIV/0!
#DIV/0!
#DIV/0!
#DIV/0!
#DIV/0!
233.7566138
#DIV/0!
#DIV/0!
#DIV/0!
#DIV/0!
#DIV/0!
0
#DIV/0!
#DIV/0!
#DIV/0!
27.05263158
773.3333333
11.49230769
53.52631579
287.6
280.8661417
214.2142857
10.65384615
30.09448819
21.83116883
8.415730337
13.63354037
#DIV/0!
0
#DIV/0!
#DIV/0!
#DIV/0!
#DIV/0!
#DIV/0!
#DIV/0!
#DIV/0!
282.2574956
5745
257.9285714
24.90299824
2.370044053
16.17699115
#DIV/0!
101.9649123
#DIV/0!
0
12.60194175
24.08536585
17
71.46875
52.45714286
11.92571429
20.05434783
72.37142857
12.08333333
43.2195122
0.267045455
10.26122449
0
21.88235294
16.46491228
13.18934911
13.82352941
6.66
3.360294118
7.484444444
17.32894737
11.47714286
8.602870813
11.59428571
7.790419162
15.68965517
11.3556701
11.95604396
8.661691542
21.44354839
24.72891566
2.745132743
7.473451327
9.597014925
11.43518519
15.72200772
3.360294118
11.57462687
28.28723404
8.92
2.485776805
2.447867299
2.828375286
29.95614035
12.97777778
3.484313725
3.585774059
3.809815951
6.48
6.331967213
11.94581281
11.76097561
4.82739726
4.325991189
4.332552693
5.950331126
2.300884956
4.039473684
3.627906977
5.950617284
6.377224199
14.20567376
35.04494382
8.80565371
5.292841649
4.023728814
4.709035222
24.99206349
19.13675214
18.86885246
16.07228916
11.0915493
6.012195122
2.035
37.89795918
69.38571429
26.86206897
11.34459459
30.66292135
23.93430657
1.270034843
19.65048544
14.36241611
2.983146067
15.59090909
0
6.062256809
21.33333333
11.93859649
130.8125
11.75555556
20.28358209
0.130841121
3.308186196
4.48411215
1.137417219
0.752079867
3.379603399
3.832512315
1.372516556
0.738738739
2.720647773
0.776334776
3.466049383
2.960288809
3.274285714
2.925512104
4.914076782
334.55
1092.25
#DIV/0!
33.47435897
46.66666667
0.884955752
55.68253968
46.6031746
2.123188406
1.884057971
27.51824818
31.46666667
78.08510638
26.11940299
45.89041096
190.8289242
47.85714286
30.33333333
123.673913
130
0
82.5
0.53030303
117.6470588
106.6666667
18.57142857
168.75
0.538461538
20.4
2.807017544
109.8039216
10.59139785
12.4137931
12.4137931
2.163265306
5.244444444
150.5882353
96.875
142.44
#DIV/0!
1930.952381
83.75
163.5135135
235.2941176
0
2.831858407
282.3333333
232.8571429
248.75
119.2857143
37.85714286
726.25
140.3846154
135.0909091
37.01298701
32.14285714
5.385542169
194.7089947
5.260869565
4.995652174
5.874125874
272.6631393
210
4510.588235
2323.783784
38.21428571
0
1.963562753
136.4375
120.1694915
3.097345133
3.097345133
4.285714286
7.142857143
18.44797178
94.26666667
103.2
106.6666667
57.5
22.44897959
148.75
49.06666667
23.125
19.33333333
124
5.054166667
9.866666667
23.84821429
433.3571429
659.9285714
48.40659341
3286.666667
#DIV/0!
4740
7.852564103
755.7142857
14.09411765
155.1162791
48.52447552
6.679841897
58.8
1.166666667
2.166666667
5.5
31.71428571
5.555555556
10.58823529
60
14.28571429
3.466666667
3.78
4.3984375
7.183823529
128.5714286
3.966101695
8911
894.5945946
408.5714286
111.25
142.2
51.02040816
2.167346939
137.6363636
60.49180328
138.5454545
732.1428571
11.17647059
13.25
#DIV/0!
2.654867257
54.2
2.5
12.34567901
55.23809524
0
0
26.45502646
0
6.363636364
3.066666667
7.555555556
4.016483516
1.76366843
1.058201058
5.291005291
164.8275862
13.33333333
3.7
#DIV/0!
4550
77.75167785
2.389380531
114.2857143
251.2307692
1.896694215
0
0
4.37704918
55.5625
17.875
3.071428571
4.822134387
1.449275362
1.951388889
0
0
#DIV/0!
136.6949153
2.654867257
1.142857143
3525.882353
1.958333333
12.14285714
340.3333333
38.01282051
6.546153846
4.87150838
72.0625
144.0833333
65.22727273
8.098814229
33.95774648
6.091603053
17.18213058
380.952381
156
0
57.22222222
3.157894737
10.76363636
108.2
7.888888889
3475.6
35.8974359
117.3333333
113.6666667
115.6666667
13.36486486
2.172131148
590
142.2666667
108.6666667
116.5079365
270.6333333
258.8712522
114.5333333
12.14285714
257.1428571
2.348484848
2
0
76100
57.07231041
#DIV/0!
789.8989899
#DIV/0!
242.6315789
29.39072848
198.8888889
751.7171717
76.14159292
1058.25
#DIV/0!
0
0
6.364705882
348.2857143
2.352941176
0